15.6124,-3.40491
6.35517,3.00211
3.85412,3.4915
17.3079,3.93447
11.5211,1.62161
6.36145,-0.598519
4.72923,5.29405
10.383,1.53342
11.606,-0.461737
14.4801,0.177363
4.2148,1.27415
9.18646,2.30272
14.56,0.721067
14.2621,0.110061
-1.05581,-1.66422
12.3595,1.43421
4.46455,2.28168
0.781595,0.912389
7.60834,-0.177439
13.8018,-1.29602
6.65248,2.8663
3.2759,4.25045
11.9743,-3.97395
6.59156,0.316839
9.17909,-2.78607
13.9792,4.67189
9.48105,-1.92167
11.8305,-2.58891
20.3593,4.17134
4.44502,4.93301
4.51984,-0.970075
10.6788,-1.22381
9.82847,0.284052
13.2378,0.559684
5.43115,-4.43163
0.275114,-1.57275
17.9889,-2.43264
10.4681,0.0432917
9.19213,-1.54596
12.9236,-0.90982
4.57454,-2.26188
19.316,-0.146886
11.3375,-0.625256
15.303,1.83475
15.0489,2.88192
7.84841,-1.81121
9.61375,5.91676
4.47619,2.89776
8.02497,-4.03382
13.3264,-2.93522
18.1771,3.8008
4.31488,6.01492
6.4135,0.889641
17.5617,0.272728
6.27398,0.970207
10.0829,2.40073
7.60792,-2.56554
8.07115,1.92882
15.7167,0.303713
14.2244,-6.94089
10.4947,4.83703
11.9929,-5.20397
10.6141,1.37049
15.0141,4.50626
8.2603,1.99224
10.1838,4.83366
10.2641,-2.30676
6.78086,-0.309893
0.872166,0.931492
6.85835,-1.47656
12.1922,3.48154
6.53458,-2.03347
-1.3246,6.34936
1.814,0.144812
4.25695,-1.02861
5.18485,-0.66853
7.45172,-3.45299
14.6884,0.203
1.35672,-1.93664
-3.71666,-2.30962
3.84622,-1.39346
13.4644,-0.106076
14.272,5.61851
9.85057,3.87437
8.00953,2.94328
6.33904,0.186798
13.1515,-0.50768
3.45527,-0.875614
3.86152,-0.277291
20.2476,3.41383
8.83947,3.51341
12.3578,5.04631
7.02051,-1.35231
2.44332,0.383313
9.73832,-0.750578
6.4278,3.24846
11.7383,-2.4085
14.0678,0.466882
6.56017,-0.118508
17.3103,4.23744
7.82205,0.982321
-1.18265,-2.19578
5.84126,-3.12592
-0.893029,4.47382
0.457667,2.91661
5.54631,-0.252175
7.16166,3.50186
5.22796,-3.17364
1.013,0.944806
16.3856,3.87786
3.72723,1.7329
8.83215,-0.701355
2.32508,0.94794
12.3327,-2.03744
13.6343,3.43259
9.43185,0.956512
4.08642,-1.18983
3.47425,2.11325
5.55789,-0.580094
13.0272,1.37491
13.8628,4.32775
4.79272,0.65121
5.35899,-3.47731
1.2476,-4.23762
4.18067,0.809958
6.28617,1.74244
10.2273,-0.633853
8.9376,-2.04698
6.60571,-1.30251
4.42677,-3.02848
5.63246,-2.65675
4.70418,6.49775
13.0759,3.22501
6.45711,-3.21876
12.2655,-3.49425
2.9936,-5.93762
5.5029,-2.58575
9.81032,0.0588215
10.2167,5.29553
7.19074,0.185557
9.99792,2.10532
4.56065,1.13589
6.26381,0.367809
5.15659,4.76821
6.87392,2.68734
10.221,1.49621
4.9308,-0.608885
4.02338,2.41956
7.62647,0.600916
8.35398,2.95019
7.14378,1.69678
15.9461,0.883276
11.0959,0.115127
5.12984,2.06533
6.65717,-1.97954
4.07886,1.60914
1.98209,-1.73704
0.938277,-5.62861
12.7863,-1.90785
14.6215,0.581586
3.09337,4.53238
10.9833,-0.855656
12.8051,1.84097
8.82924,2.44701
4.46391,2.50734
20.503,3.04413
4.23012,4.66982
6.27664,-2.24354
8.80099,1.91468
12.9438,0.136232
3.7262,-0.478368
5.19006,-0.765898
1.423,2.79391
0.644716,1.63779
-2.46809,0.550491
3.084,-0.945024
9.0088,3.50956
10.3027,5.74885
15.3059,2.19536
6.45027,1.26477
2.75047,3.3219
6.64576,-0.983636
8.37881,4.60878
5.93664,7.48981
10.5321,-1.5219
6.3455,2.56523
14.4875,4.84972
4.63668,-2.68743
8.76114,-0.634464
4.07884,2.84762
5.40169,3.57503
10.0915,2.12225
17.4588,0.591591
7.29429,1.59603
14.2854,4.74622
5.99163,-3.6706
9.97711,1.75016
19.7334,-3.12216
7.68652,2.80421
5.07946,1.98974
0.980645,0.467001
13.5425,-3.05549
3.28363,2.56756
9.98559,-2.91891
12.9679,4.80255
14.0902,-1.94237
15.6514,2.76031
10.8104,-0.694862
2.69101,0.983902
10.2474,-0.872071
8.25473,5.50016
5.53963,1.16924
18.6358,2.1428
3.57177,-3.60123
7.2117,0.456273
4.06686,-3.88046
4.31991,-0.102928
13.3611,-3.18906
12.5373,-1.75539
12.7068,0.0180858
2.95442,3.40054
9.64066,2.01318
6.90078,1.56306
4.7253,-2.07554
8.66887,-3.29764
9.94162,-3.34368
1.89179,0.897864
16.8535,-0.332487
12.5722,4.35124
12.3128,-2.70721
0.71155,-0.693976
6.49144,-0.351563
9.29606,-2.13941
6.5533,-0.573223
10.8229,2.00264
7.76599,1.93568
6.74721,0.96297
9.38306,-3.41513
8.82202,-0.0038211
8.24898,-2.85233
9.31868,-0.887392
14.2197,3.35911
12.4221,1.11011
9.91051,-0.25384
8.09225,2.61504
10.7667,2.26499
-3.23803,-2.67523
11.2824,-1.59125
13.5094,1.00017
1.04655,1.87201
9.88983,-2.5041
6.4826,1.88535
10.492,1.76965
9.44234,-2.12871
9.00358,-3.78285
16.5437,-2.41597
2.05563,0.92715
12.5815,-4.32862
8.92043,-0.61279
5.06374,6.89361
14.7919,3.28723
12.8213,-1.33901
12.4443,2.11749
-0.995894,-5.50598
7.33853,-0.916143
9.25055,4.15654
5.68622,-0.215734
11.2648,2.70768
11.6177,-1.79916
12.402,2.39321
0.0830943,-4.79012
9.98978,-1.24124
10.3985,-2.19588
9.23225,0.138626
10.1694,8.41548
2.71334,-0.503872
3.63455,-0.488581
5.21294,-0.839355
5.39984,-0.358809
8.36294,4.35242
6.66118,-0.173087
2.778,-5.20554
5.82546,2.74263
1.28264,-5.22816
13.5469,-1.04689
10.6214,-0.578933
12.8895,0.878545
7.00235,2.02027
8.95822,-0.978094
13.2584,4.7591
11.9058,-5.4366
12.9995,-1.06642
8.44376,-2.43772
5.05553,-0.310153
0.298805,-1.44681
20.464,6.0338
7.21658,0.00872684
-0.125039,1.41506
7.35582,3.30417
6.59101,-1.20021
3.55367,2.8122
5.07733,3.70551
9.87523,0.975246
1.62744,5.30706
16.5194,2.0761
5.84809,3.19226
9.21503,2.39267
12.6433,-1.62074
4.91429,2.69144
12.9695,-0.0280205
6.30743,1.08323
5.89555,1.92494
14.7168,3.59173
16.8448,2.01589
11.1417,7.62844
8.82745,-2.05319
8.37511,1.58605
11.0194,1.66392
-2.67422,2.08721
12.4562,1.27536
5.29242,-1.93868
11.2697,-2.43142
7.66434,-3.2745
19.3532,0.235309
9.12955,0.50411
3.76103,0.741691
6.0672,-1.68073
11.3793,2.54386
10.8244,5.54925
13.7754,-0.228896
2.32707,2.29915
2.22322,3.27091
0.904111,2.50112
8.63346,-1.38098
9.62719,1.23778
11.617,-1.60038
8.5806,0.142277
6.34032,2.69262
15.8957,0.0781312
6.57755,2.62562
4.89883,-3.4407
10.101,3.30573
9.13878,-0.701639
6.05274,2.27738
12.4528,1.37749
1.55369,-0.387591
9.07088,2.25313
14.1922,-0.783404
12.1246,1.88874
3.56681,-0.544294
12.4135,-4.48031
11.5979,2.47414
13.0414,-1.25873
4.94148,-1.14951
13.7286,-0.394147
2.74699,3.73917
4.98236,2.59901
14.9486,1.75796
9.38267,-1.2451
4.78197,1.73339
18.1836,-0.45863
8.28917,1.6073
17.7556,5.63595
8.896,-1.9571
6.70081,-2.31908
13.8555,-0.111668
11.557,-2.45977
3.64164,-3.00569
6.78249,1.35049
5.70752,1.83855
3.67212,1.83845
14.349,0.919993
9.21137,-3.99268
3.34287,2.9037
9.96396,-0.873591
15.5784,1.57695
6.89462,-1.92489
9.51735,-1.89119
1.26195,3.66747
9.90673,-6.13292
11.5524,1.22028
10.3856,-2.5728
12.732,3.52597
3.88211,5.33636
4.62697,-3.87471
18.074,0.0848983
7.75606,-2.88483
-2.94268,1.08456
6.31571,-0.922695
13.6275,-0.76652
7.82244,5.58399
8.05305,-0.958311
8.46229,1.59347
3.20545,0.981236
6.38912,-1.17498
18.7581,-0.890001
5.96963,1.98455
4.65039,-3.68721
9.68588,2.91005
13.3037,0.294019
10.2357,0.951839
11.3648,3.16095
5.87422,-3.84296
13.1809,2.42622
-2.23536,0.280937
6.96425,3.11216
7.93763,5.06765
10.7332,1.11624
15.6598,3.88726
4.76912,5.16981
10.3336,1.34822
9.9274,-2.8967
12.2843,-3.03099
13.7416,0.471744
13.8664,2.79741
7.67687,-3.16396
1.62834,2.92875
12.917,-1.13738
7.46563,-5.3199
2.78443,0.720414
12.9949,-4.61823
8.39018,3.49404
6.35826,0.620106
11.0209,1.53459
10.4551,-0.705858
2.66915,-1.20242
2.30173,3.34101
15.2965,0.842968
12.9054,-2.02395
6.38148,-2.99861
8.6563,3.39151
13.1034,-3.86355
5.24145,-1.49369
14.6598,-2.41155
6.74613,1.06638
9.41957,2.04622
13.4267,-1.28128
18.2193,0.107824
18.2311,-0.143937
9.44839,-0.266882
7.96519,1.51989
10.2145,1.81419
1.33734,1.03558
15.6962,-2.04685
2.81068,0.719237
7.28925,-2.48646
12.3506,-1.61918
8.40511,-3.5733
5.77807,1.08777
4.4297,-2.36647
15.8127,3.9319
7.02367,0.0417037
18.2243,-4.08723
4.41167,3.24179
9.3929,-1.51055
13.9988,-1.99852
14.3397,-0.768016
14.6484,3.71346
0.64908,-4.29118
11.3415,-3.59444
13.2111,-1.40142
1.69885,2.15857
2.58451,5.66094
6.50138,3.18848
3.2089,1.41625
10.2527,-1.07499
1.64326,-1.21573
9.82644,-1.64866
1.22533,-3.67714
0.987335,-1.41906
7.96138,-0.109052
2.80223,0.899763
9.17074,1.63399
-0.362486,2.54183
9.76764,2.0276
4.15452,0.960482
9.18292,1.57233
5.53371,1.39588
10.5269,-0.59876
6.14177,-5.40304
5.09267,-0.534946
9.30692,2.38041
3.57456,0.827654
8.62445,-1.08762
10.1921,-0.854976
5.79158,-2.50769
3.2248,0.137152
10.0016,-4.84574
11.0968,1.45141
8.6481,-2.09914
3.32552,2.39166
-4.13586,-0.103989
12.0564,-0.165528
17.0931,2.9581
11.999,-1.21135
4.70084,2.92435
8.80775,5.04047
3.03991,-0.591385
4.65509,-1.50789
11.6507,1.86072
9.3098,-4.16628
8.33488,-4.167
21.3758,3.5818
13.0303,6.45639
-3.74146,-1.34789
11.3667,-2.85039
10.7302,0.226864
11.805,4.22222
2.36519,3.32212
8.61072,-2.48371
11.7231,-2.33897
2.25527,4.92846
5.41661,-0.0361241
8.67702,-2.51891
10.5182,0.838077
5.9599,0.559433
13.4256,-0.33306
7.97673,-6.36852
6.10617,4.71093
9.50956,-0.674469
4.35085,-1.30147
16.7892,-0.16843
15.0493,-2.64608
3.65068,2.08138
9.38248,-1.15648
14.8254,-1.35027
12.8623,-0.542945
5.98697,1.22268
7.06237,-0.978804
10.8784,-5.1985
14.0306,-2.06761
14.475,2.04429
12.5396,-3.09674
10.0301,-3.54476
6.51621,-0.548198
9.94861,3.1552
14.2269,2.02955
11.0176,2.35015
-6.49939,2.00997
-6.36058,6.39369
-7.23238,-3.72941
-6.96294,4.0413
-6.522,-0.580672
-5.97046,3.97226
-5.72802,0.846434
-6.19001,7.17757
-6.83253,3.02578
-7.08207,-2.48334
-6.55696,1.53582
-6.28964,5.28299
-6.47974,7.27504
-6.71581,1.08564
-6.6084,3.52203
-6.55488,-0.459879
-5.80368,2.65726
-6.91044,4.18158
-6.4514,5.32154
-6.10073,6.04871
-6.64626,6.26388
-6.98876,10.5616
-6.39052,-1.91094
-6.12676,0.596527
-7.45705,3.96425
-6.28463,4.42533
-6.3872,8.09636
-5.74884,7.42728
-7.11591,3.58007
-6.12205,2.09355
-5.94088,0.961915
-6.8153,0.0913273
-6.24559,1.27682
-6.15555,2.54318
-7.40954,5.58116
-6.8247,-4.13094
-5.63092,-0.728658
-7.06835,3.01912
-6.95928,1.87196
-6.31737,11.4418
-6.49024,3.63066
-6.83856,4.11338
-5.54607,-2.32272
-6.86216,8.02192
-7.12386,-2.90755
-5.84068,0.354799
-6.53147,1.98626
-6.35211,2.22599
-6.80347,-1.70914
-6.93936,7.40283
-6.07819,4.85133
-6.70369,4.19481
-6.65354,3.48671
-6.22589,0.954991
-7.01984,-3.90282
-7.50422,0.798013
-6.93372,2.28074
-6.01989,7.0807
-5.84777,-2.80461
-6.53845,4.58405
-7.57627,3.39336
-6.92474,7.09562
-6.75199,2.60368
-6.20801,4.06444
-5.76317,5.33468
-5.39577,9.41467
-6.71101,7.04434
-5.90046,3.78152
-7.45255,4.6859
-6.64566,0.32515
-6.69642,3.92571
-6.49738,2.03423
-6.09742,7.0649
-6.65513,6.07398
-5.27998,5.06718
-5.96022,7.3014
-6.94069,0.311466
-6.75646,7.51143
-6.57311,11.1751
-6.45564,5.55739
-7.15346,3.43136
-6.73447,8.23928
-5.39641,2.11809
-6.66674,2.29982
-6.40551,1.55766
-6.17486,3.18462
-5.64713,5.23004
-5.67816,4.21155
-5.19388,-1.68194
-6.53687,4.09694
-6.46197,0.309438
-6.14521,1.2868
-6.38402,8.08659
-6.98575,2.38763
-6.04163,3.04612
-6.16535,-1.41643
-6.15001,-2.7703
-6.36383,3.96963
-6.55598,6.6918
-6.00015,8.82413
-5.53814,-3.99079
-5.43611,5.20099
-6.94897,1.59281
-7.564,4.25438
-5.76852,6.61812
-7.62339,1.6726
-7.6005,1.06515
-6.57907,3.82721
-6.40328,2.2902
-6.03156,4.3394
-5.58342,2.54343
-6.34991,-1.2069
-6.35662,7.44704
-6.66492,10.2021
-5.76728,3.62791
-7.43843,-0.934328
-6.62019,4.25635
-5.79388,8.00804
-6.76398,1.416
-6.87554,3.32036
-5.74355,4.34995
-5.89587,-2.21369
-5.98273,3.97016
-8.27195,5.70821
-6.07116,3.07572
-6.02252,8.79003
-6.55675,8.70459
-6.38805,4.14208
-6.50877,-1.17213
-6.55526,-1.25747
-6.99967,3.69366
-5.56755,8.5418
-6.98956,-3.37829
-6.19629,7.55237
-5.81515,7.32443
-7.21115,4.47285
-6.38491,5.91355
-6.71865,4.83028
-5.85384,3.7924
-6.51508,6.74002
-5.72196,0.816403
-6.63659,4.54312
-5.91229,0.860372
-6.22554,0.598611
-6.92942,4.09725
-5.54471,7.9595
-6.68836,2.21417
-7.0242,4.53025
-5.84196,6.59567
-7.1028,1.3967
-6.80766,-3.09764
-5.79741,7.64819
-6.69109,6.25553
-4.94724,4.11726
-6.90462,5.85064
-6.47195,8.38496
-6.20396,4.63451
-6.6061,-1.00294
-6.43132,3.57195
-6.29377,3.96957
-5.93312,5.46378
-6.81116,1.8201
-6.01508,-3.5426
-6.31822,2.31056
-6.60363,3.75612
-6.03593,8.67875
-6.42685,10.3373
-7.28877,2.30771
-5.34143,4.34324
-6.33663,2.28032
-6.23517,3.94996
-6.81828,3.09415
-6.35921,1.97455
-7.12607,7.6904
-5.81257,7.58668
-6.582,8.9538
-7.00955,2.18788
-6.61178,17.2518
-6.76714,1.34125
-7.00604,4.23891
-5.58856,3.80171
-6.30935,6.44178
-6.26011,11.6641
-6.85213,-0.255889
-6.98635,-8.38231
-6.72574,4.41353
-5.66476,5.17883
-7.44514,3.13842
-6.90994,2.49891
-6.52371,2.74273
-5.79363,4.47871
-5.95515,13.7575
-9.90038,-11.6702
-8.57138,-13.3243
-9.37783,-12.7747
-8.87161,-9.51239
-10.2741,-8.78989
-10.1365,-13.4919
-10.1849,-4.26136
-8.6596,-11.8379
-9.58464,-10.4073
-9.97312,-5.1337
-8.90189,-12.9316
-8.81623,-8.31984
-8.65205,-9.73325
-8.956,-13.7061
-9.66473,-6.40734
-8.94538,-8.11226
-9.99468,-13.0004
-10.0832,-9.84784
-8.87926,-12.4816
-9.58137,-10.1843
-8.40061,-9.85289
-11.3521,-7.731
-9.85358,-10.7007
-9.35081,-8.34111
-9.19123,-10.5422
-9.04389,-11.4601
-9.42642,-9.75876
-9.69318,-11.1586
-8.58586,-8.33212
-8.12818,-10.5424
-9.16542,-5.94967
-8.42675,-12.0603
-8.99354,-6.57389
-10.1964,-9.66397
-10.3108,-10.1427
-10.6785,-12.7014
-9.92443,-11.0171
-10.3403,-6.77717
-8.29283,-10.1023
-10.742,-10.2617
-9.60889,-11.178
-9.23574,-10.7227
-8.83756,-6.25916
-9.92652,-5.6104
-9.11107,-11.001
-8.94119,-13.4989
-9.09357,-9.91637
-8.92305,-14.2552
-8.88582,-8.58861
-9.27557,-5.40619
-8.08353,-13.1576
-8.11492,-16.1481
-7.74623,-16.8299
-9.61291,-12.5859
-9.51239,-15.46
-9.29365,-15.922
-10.4725,-6.05765
-11.7995,-6.00856
-9.98576,-7.85748
-9.4466,-9.9964
-10.0537,-9.51284
-10.9125,-4.08289
-9.12081,-11.9463
-9.82347,-9.73648
-8.12192,-9.66462
-10.9724,-11.1467
-9.92309,-12.6888
-10.2602,-8.91876
-9.73021,-7.19808
-9.33303,-4.18639
-9.70653,-13.0817
-9.81219,-12.2708
-9.41595,-11.5963
-10.1576,-11.223
-10.5214,-8.9808
-11.2979,-8.05922
-9.07697,-16.0042
-9.25987,-6.88937
-9.18467,-13.418
-10.1609,-9.48669
-9.26592,-8.0833
-9.67069,-8.19745
-10.1351,-11.3657
-9.575,-11.0021
-9.60563,-10.3123
-10.9173,-8.1179
-10.5316,-11.0745
-7.86767,-11.4363
-10.2038,-10.8398
-8.49572,-10.7938
-9.75802,-12.058
-9.00068,-12.0773
-9.19399,-10.8559
-9.60428,-8.93642
-8.67797,-10.4117
-9.65086,-10.5355
-8.87106,-14.0466
-9.44502,-8.40958
-10.1772,-11.709
-8.27166,-14.1778
-9.20204,-10.4573
-9.41724,-5.7441
-10.5232,-4.18195
-10.3474,-10.3273
-10.4144,-9.50075
-11.561,-8.67424
-8.34066,-11.2344
-9.83991,-10.9525
-10.6965,-6.77687
-8.09236,-10.6643
-9.11504,-9.4417
-8.57027,-10.6766
-8.40339,-11.6365
-8.33823,-5.68702
-8.40234,-11.4919
-10.6435,-9.69432
-10.53,-5.54002
-9.97044,-14.4352
-8.89968,-9.7104
-9.32491,-7.78086
-9.593,-14.6412
-8.7944,-6.92544
-10.2782,-6.55306
-8.96485,-8.83679
-9.17682,-4.65234
-8.08563,-10.5307
-8.66492,-6.4288
-11.0349,-9.24109
-9.1591,-11.0308
-9.20335,-8.02963
-10.3354,-9.06569
-9.38104,-10.0223
-10.4202,-3.42168
-8.97705,-5.27066
-9.93622,-10.1062
-8.55796,-8.95288
-9.51922,-3.99442
-10.3196,-12.5527
-9.40048,-13.6305
-10.8563,-4.88553
-9.40676,-9.58473
-8.03378,-12.9141
-11.2189,-7.1834
-10.1842,-7.27986
-9.65071,-11.0852
-8.48538,-12.4015
-8.17039,-9.52587
-9.39547,-7.13625
-11.3477,-8.72151
-9.17914,-10.421
-9.82336,-6.77615
-9.53348,-10.7196
-10.9417,-8.84711
-9.0377,-9.24697
-10.0558,-11.3069
-10.4361,-3.66945
-9.08844,-7.81878
-9.86797,-8.31694
-8.75537,-10.6554
-10.6655,-7.41236
-9.96245,-8.54744
-10.2279,-10.1844
-9.08437,-7.31832
-9.80155,-6.12324
-9.60884,-10.6506
-9.53421,-9.94515
-9.08766,-15.5208
-10.0267,-9.68094
-8.57644,-15.5733
-8.4007,-10.5703
-8.83323,-7.06571
-10.4266,-11.5935
-8.76644,-14.3535
-9.42111,-4.59433
-10.1162,-4.20734
-9.96752,-7.11448
-7.77628,-11.6467
-9.33025,-11.3756
-9.25917,-8.2872
-9.82872,-10.2754
-9.00794,-10.4113
-9.51823,-10.9378
-9.98382,-9.98578
-9.1967,-5.77205
-9.06045,-14.4235
-8.50753,-13.85
-9.57391,-10.2098
-9.26009,-10.3021
-8.21944,-15.9633
-9.05259,-9.18095
-9.94146,-10.908
-9.47925,-15.4916
-9.75834,-11.3362
-8.7603,-9.98027
-7.85869,-11.753
-8.01623,-8.22635
-9.33143,-11.4402
-8.25932,-10.2321
-10.6958,-2.81833
-10.4618,-5.80816
-10.1882,-7.23918
-11.0998,-10.172
-10.9048,-3.0194
-10.1311,-9.31477
-9.73748,-1.49904
-9.57099,-8.14121
-9.81693,-8.83352
-9.66077,-5.3984
-9.75978,-8.53989
-10.7998,-9.32875
-8.83314,-11.659
-10.5287,-8.6706
-8.71152,-10.6411
-9.7907,-7.35876
-9.90262,-5.69064
-9.01501,-10.8404
-9.08109,-9.22464
-9.34943,-12.0838
-8.91415,-12.5387
-10.8198,-12.3873
-9.58388,-8.50059
-10.7849,-6.80946
-9.81852,-9.93128
-10.3899,-10.2332
-10.2211,-13.7721
-9.46359,-13.3296
-10.0943,-11.1319
-9.06225,-7.75603
-12.7939,-4.63124
-11.4296,-9.21202
-11.6622,-10.2964
-8.75271,-9.83644
-10.1645,-6.78434
-9.85542,-10.2192
-9.37364,-8.99246
-9.04205,-7.9712
-9.82671,-9.79607
-9.39575,-9.31773
-8.77566,-12.1773
-8.25218,-8.16224
-8.82869,-12.2696
-11.4987,-15.2186
-10.718,-4.88688
-9.67478,-10.5261
-9.31399,-13.1402
-9.59753,-12.2
-9.27539,-13.4679
-8.85628,-12.5788
-10.0179,-8.51889
-9.66988,-14.1662
-9.94162,-11.863
-9.16201,-11.8843
-8.0727,-11.4851
-8.5878,-10.5478
-9.49713,-8.45232
-9.44794,-15.1438
-9.52074,-6.458
-9.72367,-9.98022
-10.1638,-8.89977
-9.20458,-7.65496
-10.5773,-8.03403
-8.15398,-8.6741
-7.97022,-9.71953
-10.909,-6.44816
-7.91938,-11.2282
-8.84227,-11.5436
-8.94262,-8.69154
-10.3613,-5.91667
-7.92443,-14.988
-9.62073,-9.70896
-10.1159,-9.73762
-10.4666,-8.08593
-8.99924,-11.1717
-9.11533,-10.2715
-8.28414,-7.4392
-9.9642,-7.32938
-9.9254,-5.27961
-9.53744,-9.88323
-8.80378,-12.6471
-8.76956,-15.2485
-6.70601,-12.4389
-9.28136,-11.8539
-9.22857,-9.18546
-8.22087,-13.2964
-8.39265,-15.0371
-9.33673,-9.44103
-9.47612,-11.175
-9.73764,-8.74783
-9.07018,-7.38942
-10.7617,-7.92162
-9.85428,-5.82411
-10.0586,-9.98871
-8.69591,-15.7321
-7.89486,-11.5368
-8.47199,-8.5815
-9.70442,-11.7992
-8.91329,-11.4816
-10.0599,-8.21157
-10.2214,-11.4787
-9.78899,-6.53007
-8.24477,-9.48268
-9.48353,-10.858
-8.76494,-12.4179
-9.5952,-7.72934
-9.69042,-7.32865
-8.6993,-11.0175
-9.58467,-11.9363
-8.98328,-13.1557
-8.86452,-13.5037
-9.59656,-10.9697
-10.7188,-5.72526
-9.47272,-9.62895
-8.51958,-10.2007
-8.68951,-14.6477
-10.4414,-10.9716
-9.90748,-7.24753
-8.11064,-16.2115
-10.3654,-7.33325
-10.4087,-8.04924
-9.09386,-8.89512
-8.96375,-15.0419
-9.69972,-8.22542
-9.03873,-13.3932
-9.33801,-9.38435
-10.2574,-9.38327
-8.71503,-8.60811
-10.059,-10.4385
-9.93917,-10.4734
-9.75647,-5.28894
-10.5978,-7.87929
-8.56715,-10.3353
-9.19605,-9.91467
-10.2539,-6.7147
-9.62286,-5.02281
-8.44515,-12.9569
-10.2918,-7.26302
-9.80916,-5.49488
-10.0541,-5.6179
-8.39589,-10.1396
-10.0768,-6.52323
-9.22491,-10.1329
-8.6134,-12.2257
-8.12052,-9.44603
-8.79877,-4.76754
-8.36091,-12.3514
-10.1555,-5.95443
-9.16489,-8.08258
-10.0944,-9.44986
-10.2635,-9.31133
-9.66887,-9.72462
-10.3882,-8.97251
-10.3429,-2.86197
-8.93035,-6.05144
-8.26156,-8.5678
-8.76503,-11.3944
-10.4684,-10.2551
-11.0838,-6.75599
-9.26642,-14.063
-8.7472,-6.82515
-10.1654,-8.2424
-8.15505,-13.4899
-10.5934,-10.2081
-7.50289,-15.1328
-10.5313,-9.92685
-9.02633,-11.393
-9.76712,-9.75532
-7.58184,-12.4837
-8.61432,-13.6874
-8.29775,-5.91127
-9.38419,-8.6361
-10.2428,-7.69208
-10.8386,-4.7024
-10.0966,-9.43383
-9.59407,-10.498
-9.06898,-10.9457
-9.70792,-11.8202
-10.3222,-4.19276
-10.5713,-8.71493
-8.99991,-6.79625
-10.5969,-13.5698
-9.46128,-4.20683
-10.7324,-11.6666
-10.7989,-13.2023
-7.51456,-6.77422
-9.96844,-10.704
-8.69807,-13.0238
-9.75397,-11.4378
-10.3507,-10.9768
-9.91643,-12.1221
-8.92092,-12.7703
-9.77092,-7.6773
-9.34304,-13.4706
-8.48484,-11.1031
-10.1224,-4.46677
-10.0848,-6.36296
-9.7842,-8.67756
-9.39448,-7.83219
-9.13395,-12.102
-10.1437,-7.81596
-7.2243,-10.2624
-9.75043,-8.21853
-10.7622,-9.47114
-9.78207,-9.71077
-8.73378,-12.4354
-11.071,-6.98302
-8.91848,-10.7676
-10.3678,-12.7158
-7.98871,-14.0641
-8.94857,-13.9516
-9.91745,-14.0177
-8.46612,-7.93389
-9.1248,-11.0756
-10.7606,-13.9548
-10.4526,-7.50096
-9.58874,-14.5258
-7.58618,-11.7503
-7.98246,-12.6794
-8.63111,-7.51922
-10.0583,-8.70033
-8.19972,-5.46017
-8.93652,-3.34402
-8.61934,-11.0773
-9.44483,-16.8144
-9.72558,-14.8093
-9.90393,-9.60473
-10.2831,-11.4261
-8.55537,-16.1872
-9.7037,-9.43846
-8.81051,-9.74351
-10.7299,-3.58019
-8.2513,-11.4241
-9.23039,-7.33913
-8.70753,-11.5958
-9.70334,-5.01262
-10.215,-6.55153
-9.93027,-9.63036
-9.99136,-10.115
-9.46161,-8.28736
-8.24564,-11.9297
-10.0561,-7.2688
-9.51743,-10.1637
-9.32808,-12.4934
-9.29028,-11.0398
-11.2433,-13.1574
-9.70318,-11.5651
-9.87642,-9.35813
-9.71555,-9.05455
-9.19951,-11.064
-9.24433,-9.44052
-10.4497,-6.51156
-9.38846,-12.6077
-8.39762,-14.3263
-10.2254,-4.94388
-10.464,-9.51442
-8.92494,-10.8451
-10.7366,-8.67428
-8.4025,-13.6996
-8.82028,-5.94512
-10.1555,-8.38427
-10.5304,-6.41262
-9.58694,-14.9483
-9.0744,-10.3215
-10.2924,-9.61092
-9.07898,-10.7514
-8.11352,-10.796
-9.09761,-6.39734
-9.07065,-11.8606
-9.59531,-8.90882
-10.2382,-14.3434
-10.7972,-9.52232
-11.4468,-9.67222
-9.86262,-11.813
-10.3455,-8.13598
-9.41311,-12.9078
-9.09037,-12.1291
-8.01729,-9.28227
-8.49841,-15.2503
-10.4916,-11.4266
-8.13209,-8.79734
-10.1243,-13.9823
-10.2038,-13.0787
-10.5878,-4.8374
-9.80827,-8.60594
-8.19324,-11.5939
-8.30723,-4.92537
-9.15634,-13.6606
-8.85803,-10.5612
-8.02377,-12.5675
-9.86025,-9.28004
-11.4643,-7.50891
-8.53604,-10.1479
-8.22857,-8.6212
-10.4874,-4.37183
-9.74247,-7.85876
-9.06858,-6.41588
-9.27808,-8.71485
-8.57981,-9.9899
-9.2727,-13.1558
-9.14627,-13.3073
-9.58155,-11.9771
-9.54514,-7.95545
-8.95129,-12.8806
-9.3114,-12.3375
-9.61567,-11.0789
-8.72054,-7.31788
-9.2491,-12.88
-9.62041,-11.9618
-8.26175,-9.38889
-8.90575,-13.0453
-9.99212,-10.8703
-9.06475,-11.5098
-8.85141,-7.64273
-9.01873,-10.5708
-9.23502,-10.7102
-9.28477,-11.3066
-9.59536,-7.36885
-10.1357,-15.9696
-9.74895,-10.459
-9.90063,-7.63498
-9.51345,-10.0395
-9.36358,-7.03368
-10.3855,-13.5683
-10.0777,-11.4895
-9.19608,-12.5878
-8.80208,-14.4911
-9.02134,-12.8994
-9.34321,-11.5081
-8.7716,-8.95591
-10.0641,-10.3494
-8.49986,-13.2461
-9.33942,-11.9779
-9.18878,-11.5323
-9.18381,-9.87738
-10.0821,-5.34377
-10.0803,-12.0768
-10.5699,-12.7463
-8.43063,-8.6126
-8.89284,-6.81499
-8.9015,-9.88909
-9.60338,11.5752
-9.77264,11.8948
-9.59346,10.2199
-9.97293,0.502903
-10.1164,17.2863
-10.0829,9.4625
-9.65311,8.09276
-10.1907,7.68164
-10.3353,8.75794
-9.53743,8.93529
-9.49131,18.0203
-9.79485,10.28
-9.50933,14.7256
-9.31634,3.89872
-9.63783,13.0785
-9.79367,11.9849
-9.98104,15.428
-9.72439,10.6752
-10.0331,12.6905
-9.9978,14.9605
-9.94531,15.1916
-10.814,13.7504
-9.96644,11.0397
-9.37961,14.0361
-9.95738,11.914
-10.2989,17.8773
-9.9423,2.19203
-10.6684,7.56121
-9.92425,8.8071
-10.0174,7.5296
-10.721,8.04032
-9.53423,13.9064
-9.79031,6.46714
-10.3328,8.63909
-10.186,1.84576
-10.506,14.0666
-9.76577,5.08209
-9.90167,9.34203
-9.9128,4.65937
-10.2989,11.9787
-10.2799,6.01883
-10.3548,14.0508
-9.56954,4.62037
-10.1027,6.49248
-10.3237,7.82244
-10.3799,15.5727
-10.4055,7.42342
-10.1508,11.7629
-9.63648,8.91307
-10.056,12.4861
-10.427,4.41878
-10.2064,5.96202
-9.03282,14.9455
-10.0603,13.4771
-9.39337,9.10284
-9.98435,11.5484
-10.3655,8.27549
-10.0704,9.78238
-9.81406,8.79452
-10.69,6.38563
-10.4939,3.03805
-10.2981,9.79523
-9.64953,15.0438
-10.0916,10.4119
-10.4109,12.1589
-9.9202,8.72665
-10.0762,4.60672
-9.69642,8.3535
-10.1934,6.61587
-10.1809,11.4244
-9.71148,9.01611
-10.173,11.7781
-9.89025,5.60187
-9.90112,10.1909
-9.5927,16.5563
-9.79364,10.5806
-9.88296,4.35548
-9.5054,12.4298
-9.76113,4.24048
-9.93141,11.4101
-9.94158,9.92447
-9.77675,8.6082
-9.7918,5.8023
-9.13099,16.6643
-9.6577,6.99957
-10.4608,13.035
-9.98244,11.0342
-9.49107,4.8494
-10.309,10.8019
-10.1611,17.3182
-10.2587,6.3347
-10.6836,6.571
-9.67532,17.1217
-9.83741,13.2565
-9.59841,10.0078
-10.0308,14.6153
-10.2245,5.28798
-9.29236,5.13267
-10.2895,17.1195
-9.87321,6.6987
-9.58095,2.83958
-9.85323,14.4557
-9.83834,14.5277
-10.017,9.32848
-10.3283,6.89205
-10.1862,9.95853
-9.81129,12.6921
-10.0604,11.0129
-9.69551,13.0672
-10.8501,7.39606
-9.82776,16.1938
-10.1583,6.78136
-10.5555,8.52619
-10.1262,9.85003
-9.82267,10.0308
-9.66464,12.8066
-10.3507,9.32486
-9.64152,8.03412
-10.1089,12.1063
-10.4104,12.6075
-10.0262,4.62536
-9.86167,10.4229
-10.0498,12.3184
-10.0964,8.78868
-9.74197,22.9651
-10.1172,11.7685
-10.9292,0.160799
-10.129,12.1258
-9.80536,10.1772
-10.1335,7.90672
-10.136,13.9677
-10.6026,9.07963
-10.408,12.8606
-9.41929,4.00317
-10.3396,14.8568
-9.99043,9.0821
-9.99985,11.8292
-9.6795,13.4042
-9.81296,7.46787
-9.89374,13.0446
-9.50114,10.4945
-9.90892,14.7753
-10.2126,7.45613
-9.89968,4.75439
-9.16974,14.8161
-10.3308,12.574
-9.59961,8.60503
-9.18395,10.5148
-9.88508,5.12873
-9.98723,11.9137
-9.97724,6.55201
-10.3021,10.1933
-9.67404,-0.466646
-9.9021,21.1658
-9.21573,16.2016
-10.3647,11.8467
-9.5813,5.86813
-10.1257,10.6071
-9.65978,5.90135
-10.0866,14.507
-9.56768,17.8722
-10.3263,2.96533
-10.389,9.62319
-10.3101,3.96438
-9.58475,8.04237
-10.4079,11.865
-9.64199,15.0898
-9.84406,15.9052
-10.3035,15.3077
-10.1684,4.1214
-9.63554,14.1881
-10.2262,9.28277
-10.1008,9.3959
-10.5344,12.5956
-9.61908,6.15308
-10.1627,5.61263
-10.6579,13.8536
-10.4896,10.686
-9.21601,8.87296
-10.2643,15.0427
-9.66236,3.92522
-9.51851,17.0573
-10.2089,6.0256
-9.69764,10.5169
-10.2365,12.2845
-9.79896,15.1616
-10.1952,8.55988
-9.02497,9.65559
-10.3384,14.5337
-9.68348,10.5428
-9.65516,12.0498
-10.2557,15.6139
-10.4422,12.8783
-9.89782,9.12484
-10.2797,11.0742
-9.7873,18.0989
-10.238,6.79337
-10.1232,11.5707
-10.461,8.57926
-9.52986,0.318685
-9.39732,11.148
-8.93111,3.55354
-9.48104,15.0623
-10.3228,6.79766
-9.48395,8.60176
-10.1871,8.20166
-9.09902,13.5394
-10.153,12.3825
-9.3798,8.25337
-10.328,8.73094
-9.6223,5.20511
-9.98063,13.2332
-10.3081,13.1573
-9.73956,9.36519
-10.0113,5.62505
-10.1166,4.61128
-10.6357,10.099
-10.1697,5.42123
-9.89596,5.33134
-10.3819,14.2147
-10.8744,8.48838
-10.1535,7.96139
-9.72865,9.49814
-9.68488,17.723
-9.73107,11.039
-8.67905,11.4671
-10.7288,5.15977
-10.3243,6.52537
-9.54387,15.3565
-10.2401,13.4279
-9.34122,7.58755
-10.2245,5.7341
-9.53637,9.25626
-9.92505,7.74068
-9.76908,12.9635
-9.96525,12.2333
-10.0256,14.3014
-10.1407,11.2979
-10.3635,14.1062
-10.0909,6.93488
-9.74268,6.95263
-10.2869,13.4569
-9.93085,3.46109
-10.1691,7.91422
-9.96476,8.5893
-9.96576,11.5203
-10.3041,9.16377
-9.75009,11.6504
-10.3103,9.41612
-9.9186,6.95173
-10.3255,7.96371
-10.1987,13.2975
-9.70518,9.78938
-10.1847,7.95492
-9.96294,8.09845
-9.89055,10.2231
-10.042,12.2223
-10.2933,8.27591
-9.68648,5.41454
-10.3444,16.1426
-10.4451,10.4145
-9.57222,12.8813
-9.57016,12.1706
-10.179,14.2354
-10.0557,19.6121
-10.019,4.99276
-10.5835,6.81541
-10.0337,9.35272
-10.1115,11.1383
-9.72191,4.89478
-10.6882,8.95076
-10.3508,6.5973
-9.90018,3.66238
-9.88344,12.3002
-10.0704,7.7235
-9.48326,7.47155
-10.2478,6.42621
-10.4227,9.83992
-10.1381,8.09335
-9.85997,12.0017
-9.23118,11.7599
-9.53692,7.7664
-9.7996,12.9404
-9.95342,7.4735
-9.80773,6.21325
-9.73123,5.46639
-9.81651,5.07912
-9.12541,13.3814
-10.0626,8.05422
-9.60953,3.8262
-10.0369,9.63597
-9.89022,12.5196
-10.2413,11.3303
-9.65072,12.7056
-10.1259,7.66053
-10.0657,11.1075
-10.3887,13.079
-9.72329,6.27126
-9.96368,8.78703
-10.4493,-0.272832
-9.28236,18.516
-10.6741,4.57098
-9.96934,7.34735
-10.1471,12.882
-10.1003,14.4048
-9.99416,7.16811
-10.1636,9.57596
-10.048,8.93572
-10.1396,11.0221
-9.6986,8.70043
-9.92959,10.3852
-10.1096,7.03617
-10.0621,15.8356
-9.6085,10.2578
-9.38509,11.5191
-9.49294,3.67651
-9.95007,7.24793
-9.02697,14.4196
-9.89558,14.4697
-9.92639,10.1387
-9.83422,5.80806
-9.6662,8.79449
-10.0574,12.4245
-9.71003,11.8789
-10.0733,3.81973
-9.79848,10.7588
-10.4467,8.42938
-9.33819,9.96527
-9.71043,6.92992
-10.0577,5.47309
-10.0252,6.65983
-9.71075,11.7889
-9.66247,11.6308
-9.81385,8.27418
-9.44607,11.9963
-9.17015,11.9161
-10.11,11.8437
-10.4419,14.2586
-10.5456,8.52519
-9.82258,14.7515
-9.94589,9.92431
-9.75425,8.78036
-10.1713,9.51251
-9.78929,7.70932
-10.4641,10.7142
-9.87239,7.08968
-10.1814,3.38843
-10.3674,4.7416
-9.75672,7.49565
-9.35999,7.79052
-10.7335,10.4821
-10.2837,7.5366
-9.91835,8.02817
-9.99837,7.05567
