44,247880,11,8614,40
24,281356,2,0,66
33,511289,11,0,48
38,312108,9,0,40
55,115457,9,0,40
26,180886,14,0,30
53,135102,9,0,45
58,183893,10,0,40
24,43475,13,0,40
44,213416,3,0,40
43,186916,14,0,60
19,217194,6,0,30
38,129591,10,0,40
30,149507,9,0,42
64,114650,5,0,40
35,240458,7,0,40
49,155372,14,0,40
60,252413,10,0,32
45,194698,10,0,40
53,113176,9,2597,40
22,113703,10,0,20
17,208463,9,0,20
46,165754,16,0,45
26,76491,14,0,20
37,25864,9,0,40
40,143069,9,0,40
26,155752,10,0,40
43,169383,13,0,45
62,144116,6,0,40
50,152810,10,0,70
50,31621,9,0,40
19,232392,9,0,40
28,114053,10,0,30
42,383493,10,15024,50
25,61956,10,0,50
19,186159,10,0,40
53,158294,14,7298,40
38,150601,6,0,40
39,376455,15,0,50
40,166327,10,0,35
27,114158,13,0,40
40,114537,11,0,50
39,274683,10,7688,50
30,361742,10,0,50
49,118567,10,0,40
60,39952,5,2228,37
25,362912,10,0,50
58,275859,9,8614,52
52,138497,13,0,60
25,164488,13,0,40
20,196745,10,0,16
27,280758,7,0,60
26,391349,13,0,40
25,37379,13,0,50
43,155106,13,0,53
44,408531,9,0,40
53,127671,4,0,40
23,462294,12,0,44
20,203263,8,0,35
41,180096,13,0,35
32,154950,15,0,40
29,280618,10,0,40
26,68729,9,0,50
43,209899,14,8614,47
38,186959,13,0,50
29,128777,4,0,55
50,195844,12,0,50
63,221072,13,0,49
39,280570,13,0,45
31,223212,4,0,50
19,82210,9,0,50
37,67125,9,0,60
42,367533,6,0,43
23,161708,10,0,20
46,165953,13,0,45
27,195337,10,0,40
33,79923,10,0,20
20,299399,10,0,20
24,37072,10,0,40
42,245626,9,0,60
41,143003,11,7298,60
39,150057,14,0,50
44,111502,9,0,40
44,86298,9,0,40
34,223267,9,0,50
49,159641,13,0,40
43,23157,9,0,60
59,98361,10,0,40
39,129150,13,0,50
38,257250,9,0,50
49,99361,15,0,45
59,165315,13,99999,43
18,404085,9,0,40
36,147548,9,0,85
21,411068,10,0,35
37,70240,9,0,40
29,227890,9,0,40
49,60751,9,0,40
45,153141,9,0,40
47,108510,6,0,65
28,182826,9,0,35
38,376025,4,0,40
46,175754,14,0,60
50,266945,9,3137,40
27,213921,9,0,40
39,237943,13,0,30
20,184756,10,0,12
57,137658,9,0,5
39,169249,9,0,40
54,30908,4,0,60
47,254367,10,0,50
31,281540,12,0,45
44,199191,9,0,30
17,198606,7,0,16
52,146711,13,0,50
42,194710,10,0,40
67,176931,4,0,20
24,227070,6,0,40
20,157599,10,0,25
31,132601,9,0,40
24,190709,10,0,65
26,195994,10,0,15
28,77009,4,0,50
20,318036,9,0,40
34,189759,13,0,45
19,117595,9,0,24
34,112584,6,0,38
30,161815,10,0,35
33,142383,12,0,36
23,197918,10,0,40
59,175942,9,0,45
22,375422,13,0,40
50,166565,9,0,50
33,155475,9,0,40
32,244665,9,5178,45
71,138145,5,0,40
23,664670,9,0,40
30,118861,10,0,50
70,306563,9,0,40
49,337768,14,0,50
49,94342,13,0,60
23,50953,10,0,10
27,220748,9,0,48
19,39756,10,0,15
23,150683,10,0,40
34,101510,13,0,50
40,191342,13,0,40
18,40822,7,0,15
23,64520,9,0,30
34,143392,9,0,40
19,63434,10,0,35
30,541343,6,0,40
18,400616,10,0,40
43,313022,9,4386,40
52,134854,9,0,40
27,55390,10,0,45
51,185283,10,0,45
32,184440,10,3464,40
28,173611,9,0,40
23,186014,10,0,15
49,200471,2,0,40
67,74335,9,0,10
27,109997,9,0,40
73,102510,4,6418,99
53,35102,10,0,34
45,357540,13,0,55
36,214604,13,0,42
66,101607,9,0,10
48,483261,10,0,40
49,558183,11,0,40
23,115244,13,0,60
44,145178,9,0,38
31,185480,9,0,40
37,177858,10,2174,40
35,225385,9,0,40
47,280483,9,0,40
33,226267,12,0,40
24,413345,10,0,50
57,198145,14,0,14
55,189721,9,0,20
38,204527,9,0,50
49,266150,9,0,40
50,485710,16,0,50
49,157272,9,0,50
42,151408,14,14084,50
28,375655,13,0,50
50,102346,13,0,20
53,233780,11,2202,40
18,761006,7,0,20
20,204226,7,0,40
19,219189,8,0,25
40,206049,10,0,40
21,314165,10,0,40
49,43479,10,0,40
60,232618,9,0,40
55,194290,9,0,40
24,210029,9,0,37
17,104232,6,0,10
50,88926,9,5178,40
25,231714,10,0,40
57,195835,9,0,40
20,203263,8,0,35
36,34744,12,0,37
26,213799,6,0,40
37,297449,9,0,40
40,182302,9,0,40
17,117477,6,0,40
26,137795,13,0,20
38,372559,10,0,40
23,256278,4,0,30
24,166036,10,0,60
28,176683,12,0,40
31,43819,13,7688,43
23,273206,13,0,23
44,320071,9,0,40
29,84366,6,0,40
79,84979,11,0,20
50,124963,13,99999,55
26,86646,10,0,45
42,165599,9,0,40
43,112763,9,8614,43
57,148509,13,0,35
54,294991,6,0,40
23,386705,10,0,24
35,35854,10,0,40
38,114591,13,15024,40
45,236040,10,0,40
26,102460,10,0,40
51,103824,9,0,40
49,195437,12,0,60
25,122175,9,0,40
57,225913,10,0,45
23,256628,4,0,32
35,139770,11,0,20
32,153078,13,0,40
27,204648,11,0,40
17,169658,6,0,21
49,184986,9,0,40
60,152369,11,0,60
36,174938,13,0,20
51,110327,13,0,40
39,119421,13,0,42
45,228570,9,0,35
29,286634,13,0,50
34,182401,12,0,40
58,147707,7,0,40
46,192835,10,0,48
59,328525,9,2414,15
25,219897,14,0,35
44,216907,9,0,37
63,171635,13,0,40
54,118365,6,0,10
17,198124,7,0,20
49,233059,11,0,40
37,208358,9,0,40
58,121111,9,0,40
61,147280,14,0,60
24,330571,13,0,40
23,103064,13,0,40
34,84119,9,0,40
28,290267,13,0,18
25,307643,9,0,40
24,140001,13,0,40
24,165054,11,0,40
23,95989,10,0,30
44,186916,14,0,50
25,122175,9,0,40
35,170174,9,7298,60
44,38876,9,0,40
22,182163,9,0,40
46,122026,13,0,44
45,203653,9,7298,40
51,161838,11,0,57
42,220647,13,0,45
26,250066,11,0,40
57,282913,9,0,40
70,188260,9,0,16
22,44064,7,0,35
22,318915,9,0,40
39,344743,10,0,50
62,159908,10,0,38
76,316185,4,0,12
60,187794,9,3103,60
19,175495,9,0,24
27,310850,9,0,50
41,239833,9,0,50
55,181220,9,0,50
41,194636,13,99999,65
34,158420,13,0,70
35,273558,10,0,30
22,269474,9,0,40
42,273230,13,0,90
18,100875,7,0,28
46,202560,13,0,40
30,153549,9,0,50
62,159908,10,0,16
37,253420,9,0,25
26,210812,10,0,43
45,224474,13,4934,50
57,140426,2,0,35
29,39484,13,7298,42
35,126569,9,7298,40
61,210488,9,0,50
55,306164,9,0,40
34,34080,11,0,40
56,119859,10,0,40
33,170979,15,0,40
18,115443,7,0,25
25,280093,7,0,40
31,236861,9,0,60
31,398988,10,0,40
31,156493,9,0,40
49,177211,13,0,40
46,102542,4,0,52
55,117299,9,7688,40
20,201490,10,0,40
22,401690,10,0,20
26,55929,13,0,40
45,160167,6,0,70
19,35245,9,0,40
38,184655,9,0,48
27,233724,9,0,38
55,325007,12,0,25
23,376416,13,0,40
73,267408,9,0,15
21,283969,9,0,40
53,102615,7,0,40
25,71351,2,0,25
28,189765,10,0,50
56,35723,4,0,50
31,377850,9,0,65
37,108540,9,0,40
35,407068,2,0,40
38,273640,9,0,40
27,178778,9,0,40
42,162140,13,7298,45
52,195638,9,0,45
33,213002,13,0,36
37,415847,13,0,40
77,143516,14,0,8
22,236769,13,0,20
37,49115,14,0,60
39,63021,10,0,20
32,182691,9,0,60
36,28572,10,0,50
57,348430,2,0,40
44,317320,10,0,40
25,503012,3,0,40
68,223486,9,0,7
45,208802,15,25236,36
31,240441,14,0,40
44,106698,9,0,40
23,194031,10,0,25
30,392812,9,0,50
49,149949,9,0,40
44,206686,10,0,40
42,344624,9,0,50
65,192133,9,2290,40
28,119545,10,7688,50
30,108247,13,0,40
71,138145,5,0,40
29,34796,9,0,40
46,116952,4,0,45
42,192397,10,0,38
36,139364,13,0,50
64,339321,13,0,24
34,190290,13,0,38
18,118938,7,0,18
48,107373,6,0,40
36,186110,10,0,40
63,206052,9,0,40
26,123384,14,0,40
37,22201,13,7298,40
37,107410,9,0,40
36,185360,9,0,60
29,123677,9,0,40
28,416577,9,2829,40
31,330715,9,0,40
44,225879,10,0,30
35,106347,9,0,45
29,175262,14,0,35
21,174503,9,0,30
20,168863,10,0,20
25,361307,13,0,40
38,27408,9,0,50
47,191957,9,0,40
19,418324,10,0,36
39,380614,10,0,45
43,150533,12,0,50
22,212114,13,0,15
49,75673,9,0,40
25,404951,13,0,38
50,271160,10,0,40
26,123384,14,0,40
25,170786,5,0,40
36,203482,9,0,40
43,183096,10,0,10
51,163052,9,0,40
19,199484,10,0,25
47,216657,14,0,35
24,506329,10,0,40
35,115215,10,0,45
54,242606,14,4386,45
23,175183,10,0,40
34,175856,10,0,40
22,103277,12,0,20
44,138975,9,0,55
72,157913,13,0,17
39,193583,13,5455,60
44,145522,14,0,40
51,96609,10,0,40
33,65278,13,0,40
42,112607,9,0,50
66,263637,6,0,40
27,185647,9,0,50
24,21154,10,0,30
21,136975,9,0,40
40,200574,12,0,44
46,330087,13,0,55
46,248059,9,3464,40
40,124747,9,7298,40
18,173125,8,0,24
38,142022,9,0,40
44,174684,9,0,40
35,205852,9,0,40
58,89922,11,15024,40
36,93225,13,0,35
62,223975,4,0,20
35,332588,9,0,30
25,185952,14,0,30
27,194652,9,0,40
28,203260,13,0,8
27,81540,9,0,40
19,106306,10,0,40
41,488706,10,0,40
39,207185,10,0,35
29,299705,10,0,37
54,57758,14,0,68
40,99185,12,0,40
34,108454,10,0,45
35,265535,10,0,50
31,454508,7,0,40
32,222205,10,0,40
58,109015,10,0,40
33,249249,3,0,50
51,133336,9,0,40
49,155372,14,0,40
27,257302,12,0,38
56,187487,9,0,48
52,202115,9,0,25
37,223020,11,0,32
21,334113,9,0,40
25,120041,13,0,40
23,179413,9,0,40
48,156410,9,0,50
46,251786,2,0,40
78,135839,9,1086,20
56,91262,9,0,45
29,144259,13,4386,80
43,56063,13,0,60
68,123464,9,0,45
23,139012,11,0,40
17,198146,7,0,16
35,106028,9,0,65
24,170277,9,0,35
34,339142,9,0,40
56,157486,6,0,40
38,43770,10,4650,72
37,130620,8,0,33
30,104052,9,0,42
31,168521,13,0,40
28,197932,10,0,16
24,119156,9,0,50
23,223019,9,0,40
26,211695,13,0,40
40,183096,5,0,40
18,216730,7,0,12
42,282062,5,0,40
23,183789,9,0,40
35,141896,8,0,40
31,120672,7,0,40
19,229756,9,0,50
65,36039,9,0,40
36,192704,8,4650,50
29,241431,14,7298,40
38,312771,11,0,40
25,238964,10,0,60
30,141297,13,0,40
35,174308,10,0,40
29,182521,9,0,40
18,126125,9,0,20
48,336540,9,0,40
54,378747,6,0,45
44,201742,13,0,50
53,83434,13,0,21
26,463194,9,0,40
75,114204,10,0,13
24,291979,9,0,40
21,194096,10,0,10
21,224209,9,0,30
31,332379,10,0,50
45,153141,9,0,40
35,218955,13,0,40
19,69182,10,0,27
42,93770,9,0,40
53,135105,13,0,50
25,375170,10,0,35
45,206459,10,0,40
23,64520,9,0,30
38,278924,13,0,50
37,249392,11,0,40
52,48947,10,0,45
34,227359,10,0,42
40,351161,14,0,60
21,301199,10,0,40
54,215990,9,0,40
39,101073,12,0,24
29,207064,9,0,40
20,114969,9,0,40
51,206775,10,0,50
23,140414,9,0,40
28,84657,13,0,40
29,250967,11,0,40
53,218630,9,0,40
47,46857,10,0,40
62,319582,9,0,32
59,75804,9,0,65
42,245626,9,0,60
23,141272,13,0,30
28,119793,9,0,40
51,145409,10,3103,48
46,207022,13,7688,40
24,124971,9,0,38
31,117816,4,0,70
29,256671,9,0,40
45,338105,10,0,40
46,503923,9,4386,40
36,66304,13,0,55
72,217864,9,0,40
58,123329,9,0,16
24,174461,10,0,45
23,91842,13,0,30
48,205424,13,0,40
56,172364,9,0,40
59,120617,10,0,40
19,28967,10,0,40
42,289636,9,0,46
35,182898,9,8614,40
38,40077,9,0,50
28,263015,6,0,40
46,57452,11,0,40
31,113364,9,0,40
60,175273,9,0,40
43,105936,9,0,35
52,168553,9,0,40
33,168981,2,0,24
40,205175,9,0,37
37,32709,13,0,40
46,207022,13,7688,40
46,146195,12,0,36
67,345236,13,0,55
28,175343,13,0,40
21,353628,6,0,38
33,125249,9,0,40
34,111985,9,0,45
41,209344,9,0,40
22,138575,9,0,56
25,227886,13,0,40
60,105339,13,7298,60
44,222504,10,0,45
42,184105,10,0,28
54,279881,11,0,40
43,90582,9,0,40
54,37289,14,0,55
41,145220,5,0,40
49,181547,12,0,30
33,224258,4,0,40
26,137367,10,0,44
42,89413,8,0,40
42,192397,10,0,38
35,157473,9,0,40
22,37894,9,0,35
21,186648,10,0,20
62,143312,10,0,60
35,185325,13,0,50
54,152652,9,0,65
46,318331,9,0,40
55,135803,13,0,35
30,312667,10,0,40
41,243607,3,0,40
41,144460,10,0,40
62,159908,10,0,38
33,181091,10,0,40
52,245275,6,0,35
31,256362,13,3908,50
57,104272,7,0,40
48,80651,9,0,55
64,270333,13,0,40
50,83311,13,0,13
25,230292,9,0,40
45,199590,3,0,38
47,456661,4,0,40
45,161819,7,0,25
39,165799,9,0,40
23,259496,9,0,40
37,34173,13,0,40
71,179574,15,0,12
33,157747,12,0,40
43,122473,5,0,40
62,247483,10,0,40
60,239576,14,0,10
43,102025,14,0,50
23,60668,6,0,40
33,288840,9,0,38
68,65730,9,0,25
77,154205,9,0,10
46,33373,13,0,40
47,216999,9,0,45
30,467108,14,0,44
22,180052,10,0,20
45,379393,10,0,45
50,198681,10,0,70
45,240356,10,0,55
26,151626,13,0,45
72,118902,16,0,6
31,59732,9,0,40
21,232591,9,0,40
47,218596,11,0,40
45,58683,10,0,40
27,183639,9,0,40
28,199998,9,0,25
59,268840,10,0,16
44,160829,13,0,20
42,220776,9,0,40
46,325573,9,0,40
28,189346,9,0,40
45,231672,9,0,40
21,216070,12,0,46
52,74275,10,7298,45
26,239043,7,0,40
53,136823,7,0,30
60,220342,7,0,35
45,235891,12,0,40
43,117915,14,0,40
46,97883,13,0,35
34,255693,9,0,20
34,118941,7,0,40
24,417668,13,0,20
40,76487,9,0,40
28,184831,10,0,40
24,228424,9,0,40
54,145098,10,0,40
30,427474,5,0,40
46,236827,5,0,40
28,66777,11,3137,40
39,202027,15,0,50
50,279337,13,0,55
29,197618,9,0,40
43,190044,9,0,40
28,229223,11,7688,36
19,277695,5,0,16
42,240628,13,0,40
32,226267,3,0,40
37,136137,10,0,40
23,162551,13,0,20
52,112959,10,0,40
31,173350,9,0,30
63,149698,10,0,15
29,126822,9,0,35
22,152744,10,0,40
35,49352,10,0,38
40,120277,9,0,40
24,151153,10,99999,50
35,105138,15,0,55
42,223934,12,0,40
34,499249,9,0,40
33,254221,16,0,60
34,191291,10,0,40
59,169133,9,0,45
32,148207,11,0,40
26,302097,9,3464,48
33,114691,13,0,60
46,220269,10,0,40
46,108699,10,0,40
30,59496,13,2407,40
28,115438,13,0,40
25,374163,9,0,40
33,171216,13,0,50
31,115488,9,0,40
65,29276,4,0,24
38,39606,13,0,40
41,180138,13,0,50
26,177482,12,0,45
34,226296,7,0,40
22,308205,3,0,40
30,350979,9,0,40
45,267967,13,0,45
65,28367,9,0,55
41,100451,9,7688,38
29,231287,10,0,40
22,129508,9,0,28
43,227065,14,0,43
23,291011,9,0,40
30,121142,13,0,40
27,257124,13,0,35
61,178312,12,0,42
37,236359,10,0,37
23,203078,13,0,24
41,114157,9,0,40
33,236818,11,0,26
58,68624,9,0,45
32,119124,13,0,40
43,188291,2,0,40
28,119793,10,0,40
28,250135,9,0,40
32,385959,9,0,50
25,50103,9,0,40
59,171328,6,0,30
18,334427,6,0,36
43,354408,8,0,40
51,154949,9,0,40
46,176814,15,99999,50
18,71792,9,0,40
23,235853,9,0,45
48,121622,14,0,40
30,101283,10,0,40
29,262208,10,0,30
42,119679,9,0,42
73,84053,9,0,15
37,42044,10,0,84
47,223342,9,2174,40
32,65278,16,0,40
19,284652,10,0,15
66,236784,13,0,8
32,377017,12,0,40
51,168660,9,0,50
19,129059,10,0,30
37,143582,11,4101,35
29,151382,11,0,50
42,162003,16,0,36
28,216814,9,0,40
51,157327,3,0,8
39,238008,9,0,40
46,125457,14,0,38
51,191965,9,0,32
31,182237,12,4386,45
48,255439,10,0,40
36,33983,11,0,42
46,155654,9,0,40
64,134378,14,0,50
30,242122,9,0,40
68,284763,7,0,70
51,40808,13,0,43
50,154728,10,0,40
21,199419,10,0,40
29,46987,9,0,55
49,121238,10,0,40
43,149909,9,0,42
20,164922,9,0,40
28,159001,9,0,30
32,124187,5,0,40
18,210828,10,0,30
19,109005,10,0,40
60,178312,9,7298,65
20,204226,7,0,40
44,128485,11,0,40
40,202565,12,0,52
36,183612,9,0,40
44,173888,4,0,80
17,209650,8,0,16
48,435503,14,0,40
47,212120,13,0,45
64,193575,7,0,40
50,31621,9,0,40
48,102092,9,0,40
49,79019,14,0,16
19,263340,10,0,15
26,202033,13,0,40
53,104461,13,8614,50
28,33374,7,0,35
35,219902,9,0,48
43,159449,10,0,40
17,325171,6,0,35
48,268234,9,0,50
45,84298,11,0,50
58,61474,9,0,55
45,160962,10,0,35
43,143582,3,0,72
42,105804,7,0,40
75,146576,13,0,48
83,153183,13,0,55
24,210781,13,0,40
39,140854,9,0,50
58,314153,9,0,40
66,174491,9,0,40
41,168294,9,5178,40
28,398918,13,0,50
28,115705,10,0,50
37,271767,13,0,48
34,158040,13,0,45
38,187847,11,0,50
25,250038,14,0,40
29,236436,9,0,40
17,184924,5,0,15
30,296453,9,0,35
50,166419,7,3674,40
37,60313,9,0,40
24,34446,10,0,37
18,94196,9,0,25
58,187487,9,0,40
25,174592,9,0,25
24,237928,13,0,39
27,120126,5,0,40
35,209993,7,0,8
26,173927,11,0,60
49,122206,11,0,25
30,80625,13,0,40
40,196029,9,0,45
19,106306,10,0,40
31,33308,11,0,40
36,191335,10,0,56
17,454614,7,0,8
57,31532,13,0,40
56,151474,5,0,40
20,39927,9,0,8
30,97453,9,0,54
25,194342,9,0,40
59,43280,10,0,40
40,252392,3,0,40
46,279196,13,0,40
41,407425,8,0,40
32,183916,9,0,34
19,100790,9,0,40
30,123397,9,0,40
26,213385,10,0,20
26,236564,9,0,40
21,215039,9,0,13
48,143281,9,0,48
66,28061,4,0,50
33,182792,9,0,40
20,201490,10,0,40
37,148266,15,0,6
42,161510,13,7298,40
27,31659,13,0,60
51,172962,16,0,40
37,365430,10,5178,40
46,182655,11,0,60
41,176452,9,0,40
39,165106,13,0,50
47,148995,9,0,40
32,249409,9,0,40
41,174201,9,0,40
19,112432,10,0,10
24,134181,13,0,50
22,129172,10,0,16
35,148581,9,0,40
20,217467,10,0,40
48,189462,10,7688,40
32,97723,9,0,40
27,332187,13,0,65
66,186030,4,0,32
19,187352,9,0,40
49,248895,9,0,45
26,193165,10,0,52
68,336329,9,0,10
43,182217,13,0,35
46,182541,9,0,50
36,225516,12,10520,43
53,539864,10,0,20
52,23780,11,0,45
26,68991,9,0,40
32,86723,9,0,52
49,247892,10,0,30
33,154120,9,0,45
37,405284,13,0,42
47,503454,8,0,40
46,42251,10,0,45
38,312771,11,0,40
33,183612,9,0,40
51,152754,13,0,40
46,166546,10,0,24
40,26892,13,0,40
46,193047,9,0,40
36,28160,9,0,40
65,36209,6,0,22
48,70668,9,0,50
34,345259,16,0,99
36,134367,9,0,30
26,142689,13,0,45
43,193755,13,0,40
42,92288,14,0,40
31,182177,9,0,40
29,183887,13,0,40
31,209538,6,0,40
52,424012,10,0,40
46,337050,14,0,45
32,260868,13,0,40
62,192866,10,0,20
26,202203,3,0,40
37,215392,13,0,40
44,125461,16,0,60
22,136873,10,0,40
31,144064,9,0,48
40,572751,15,5178,40
24,402778,5,0,12
45,165484,16,0,50
55,111625,9,0,40
32,180296,10,0,40
19,234151,9,0,40
18,168288,9,0,40
65,101104,9,9386,10
26,55743,9,0,30
59,184493,10,0,40
25,137645,13,0,40
66,212185,4,0,48
44,219591,10,0,40
30,231413,10,0,40
42,269028,16,0,40
22,184543,10,0,40
21,112137,10,0,20
35,239755,13,0,38
46,141058,9,0,65
37,405284,13,0,42
46,459189,10,0,50
27,271603,4,0,24
36,177064,10,0,40
55,148590,6,0,40
44,298885,9,0,40
50,221336,10,0,40
39,227597,9,0,50
42,207392,9,0,12
42,30759,9,0,35
25,193701,13,0,38
43,405374,10,0,40
24,172612,9,0,40
41,299813,5,0,70
42,277488,15,15024,65
34,101517,10,0,35
19,184710,10,0,20
25,189656,13,0,60
30,396538,9,0,29
42,246862,10,3325,40
24,117109,13,0,27
50,139296,7,0,40
30,255486,9,0,25
31,49923,9,0,40
54,98051,10,0,54
33,324546,10,0,39
32,226267,3,0,40
28,297735,10,0,40
28,107411,9,0,45
58,343957,13,0,50
22,34616,10,0,20
40,185145,16,0,40
54,108933,9,0,35
29,394927,11,0,40
38,227945,14,99999,65
44,321824,9,0,38
26,213625,12,0,40
48,95661,10,0,43
34,187251,9,0,25
32,215047,4,0,40
27,124953,9,0,40
33,405913,10,0,40
32,231263,10,0,50
36,61178,7,0,40
44,150171,9,0,40
24,267955,5,0,20
47,190072,10,0,50
36,137314,10,0,60
52,271749,8,594,40
56,196307,13,0,20
53,194259,10,4386,40
53,113995,13,0,45
23,526164,13,0,40
36,108293,13,0,45
50,400004,10,0,60
32,164707,9,0,40
58,317479,9,0,40
36,65624,13,0,40
75,231741,16,4931,3
46,164877,10,0,44
56,170148,9,0,40
26,136951,9,0,40
19,274830,9,0,15
18,57957,9,0,15
58,105592,4,0,40
30,174789,9,0,40
36,142573,9,0,45
67,182581,10,20051,20
46,165138,11,0,40
19,277695,1,0,36
34,152493,9,0,70
30,118551,13,0,16
33,133503,9,0,45
43,110355,9,0,45
42,122861,14,0,40
52,338816,14,0,70
72,97304,9,2346,40
74,204840,3,0,56
23,398904,13,0,40
26,247006,9,0,52
42,201495,10,0,72
26,195216,9,0,12
38,108140,13,0,40
26,284078,10,0,40
42,100800,9,0,40
17,32124,5,0,9
40,321758,9,0,40
22,188274,12,0,40
30,198183,11,0,40
59,193568,9,0,40
33,171876,10,0,40
31,181091,13,0,40
60,191118,9,0,40
23,211601,11,0,15
50,111700,14,0,50
20,217421,9,0,40
64,164204,2,0,53
19,172893,10,0,30
26,294400,9,0,38
47,204377,10,0,20
64,31826,9,0,45
18,201299,10,0,40
32,19302,12,0,56
29,85572,13,0,42
23,200973,9,0,40
37,97986,12,0,68
53,161691,9,0,35
42,133584,10,0,40
64,149698,15,0,40
39,115289,12,0,40
44,130126,15,0,45
59,105363,9,0,40
57,199934,13,0,40
31,373185,10,0,42
49,265295,9,0,40
54,166398,10,0,35
43,112131,10,0,40
33,171216,13,0,50
26,328663,9,0,40
31,651396,9,0,30
33,359428,9,0,60
32,206365,9,0,40
37,272950,9,0,40
40,336707,11,0,60
21,162667,13,0,40
55,106740,9,0,40
31,162572,9,0,16
73,190078,10,0,35
23,197207,13,0,40
40,179580,9,0,40
28,60772,13,0,45
20,352139,10,0,29
64,106538,14,0,50
51,441637,9,0,40
74,99183,10,0,9
19,354104,10,0,10
28,194087,10,0,40
33,182771,13,0,80
64,178472,5,0,45
45,186256,9,0,40
50,164127,9,0,40
19,145844,12,0,50
31,217962,8,0,40
20,125010,9,0,30
54,169785,14,0,38
55,349304,13,0,40
43,34640,9,0,40
29,86613,2,0,20
51,349431,9,4386,40
53,394474,12,0,40
22,369387,7,0,35
71,125101,11,0,40
35,178948,14,0,32
37,325538,14,0,40
49,216453,11,0,45
26,246025,9,0,20
36,293358,10,0,48
26,176520,9,0,53
21,156807,9,0,10
26,293690,13,0,58
30,446358,9,0,41
52,234286,9,15024,40
22,303822,6,0,40
84,241065,14,0,66
22,113175,10,0,20
46,328216,15,0,45
40,115932,13,0,60
31,323069,12,0,45
46,184169,14,7688,35
38,351299,10,0,50
41,128354,13,0,25
22,281432,10,0,30
24,284317,13,0,30
46,441542,13,0,40
17,194612,7,0,25
31,197252,4,0,40
46,58126,9,0,40
60,137733,13,0,50
46,249686,15,0,50
33,119409,9,0,40
32,270968,13,0,50
31,96480,9,0,50
20,186830,9,0,45
20,416103,10,0,40
58,218724,4,0,50
51,144084,9,0,40
42,255847,9,4386,48
19,199495,9,0,40
48,102359,13,7298,60
30,161572,9,0,45
29,182521,9,0,40
17,193769,5,0,20
28,200515,10,0,40
60,235535,9,0,48
24,267706,10,0,45
49,126268,13,0,50
21,102323,10,0,30
22,59184,12,0,45
35,100375,6,0,60
32,245378,9,0,60
19,170720,8,0,16
25,254746,13,0,40
61,162391,4,0,40
23,214238,4,0,40
42,184837,9,7298,40
38,29430,10,0,40
57,217886,9,0,36
48,121622,14,0,40
43,260761,9,0,40
35,198202,9,0,54
62,102631,10,0,50
37,635913,13,0,60
41,239833,9,0,50
31,104509,13,0,65
28,216965,10,0,40
41,24763,9,7443,40
25,121102,12,0,30
22,218886,8,0,40
24,33432,12,0,40
68,128472,16,0,55
33,198211,9,0,40
44,160943,9,0,40
46,128796,13,0,44
69,476653,13,0,20
50,123174,16,0,37
22,64292,10,0,37
33,348491,10,0,40
19,393712,9,0,20
40,188436,10,7298,40
28,214881,9,0,40
53,195638,9,0,40
34,112650,4,0,40
25,363707,9,0,40
32,235124,11,0,40
29,446559,12,0,50
63,101077,12,0,35
53,291755,10,0,72
45,121836,10,0,40
17,47199,7,0,24
23,280164,9,0,32
20,41183,10,0,30
44,103459,9,0,40
39,363630,9,7688,52
24,230229,3,0,40
41,194710,9,0,40
26,190469,13,0,40
31,156493,9,0,40
36,163237,12,0,40
49,105614,9,0,50
62,88579,9,0,38
38,70282,14,15024,2
38,111377,10,0,55
28,142443,9,0,40
34,210736,10,0,40
29,229842,9,0,45
25,219897,14,0,35
25,57635,11,0,42
17,270942,3,0,48
38,34180,10,0,40
44,175943,13,0,20
23,144165,13,0,30
41,215479,9,0,40
55,276229,10,0,40
26,262656,9,0,40
28,337664,9,0,40
24,209782,13,0,40
46,250821,15,0,48
48,497486,9,1471,40
41,58880,13,7688,10
19,299050,7,0,60
36,139364,13,0,50
58,94429,10,0,40
28,29444,9,0,40
49,163229,9,0,56
35,269300,9,0,40
24,220944,10,0,60
40,177905,11,7688,44
36,143774,10,0,12
26,118497,9,0,60
51,149770,9,0,44
48,107682,9,0,10
59,114760,10,0,20
39,187098,15,15024,47
48,255439,10,0,40
58,97634,3,0,40
30,194901,15,0,55
44,68729,10,0,40
26,284343,12,0,40
37,178948,13,7688,45
32,178615,9,2407,40
34,252529,13,0,48
37,126675,9,0,40
25,221757,9,3325,45
58,266792,10,99999,40
38,60355,9,0,40
65,101104,9,9386,10
50,93705,10,0,40
37,185359,9,0,40
39,201410,13,0,45
52,185407,9,0,40
50,81548,9,0,40
25,159909,11,0,40
90,225063,10,0,10
49,343231,14,0,80
40,48859,9,0,32
28,42734,9,0,40
48,184787,4,0,50
39,104089,11,0,50
61,133164,4,0,48
44,340885,13,0,40
36,175769,15,0,60
49,126446,10,0,30
45,122206,9,0,40
40,119101,10,5178,40
55,124137,15,0,35
51,94432,9,0,55
61,180632,9,0,40
21,56582,10,0,10
34,175761,13,0,60
35,127306,11,14344,40
41,215479,9,0,40
20,27337,9,0,48
32,53135,9,0,40
45,131826,10,0,40
68,196782,4,0,30
62,159841,9,0,24
52,312477,9,0,40
64,219661,15,0,9
57,57071,10,3137,40
31,288983,10,0,40
27,284196,6,0,40
36,224886,9,0,40
21,170302,9,0,50
46,238162,13,0,45
18,414721,7,0,23
52,230767,13,0,60
26,219815,10,0,40
51,76437,10,0,40
34,278378,9,0,40
62,664366,13,0,60
31,97933,10,0,40
21,141453,9,0,40
67,154035,9,0,32
34,226525,11,0,40
55,153484,14,0,50
31,168312,11,0,40
43,261929,16,25236,64
33,295591,2,0,40
80,252466,11,0,24
48,138970,13,0,45
64,207321,10,0,20
43,96102,14,0,50
44,161240,9,0,40
41,229148,9,0,60
40,105794,15,14084,50
27,245661,9,0,40
50,166565,9,0,50
18,266287,10,0,25
57,141459,10,0,40
26,120238,13,0,40
76,98695,10,0,20
21,88926,10,0,10
35,177974,9,0,40
27,517000,13,0,35
34,46144,10,0,40
57,139452,9,0,16
23,111450,8,0,38
47,114754,9,0,40
25,178025,14,0,40
19,196119,9,0,35
31,158162,13,13550,50
35,239755,10,0,50
49,119182,9,0,35
59,139344,10,0,40
32,115989,7,0,60
33,219838,6,0,40
36,367020,4,0,35
48,43206,15,0,25
37,120590,9,0,45
56,183081,10,0,45
25,120041,13,0,40
67,411007,9,15831,40
21,182614,10,0,40
42,510072,9,0,40
28,247445,9,0,40
41,599629,10,0,40
49,34377,8,0,40
35,135162,10,0,50
37,185061,10,0,55
36,64875,11,0,60
28,294398,10,0,40
57,47857,10,0,50
35,244803,9,0,40
28,132686,13,0,55
51,441637,9,0,40
19,318822,10,0,40
35,407068,2,0,40
60,75726,9,0,40
37,203828,5,0,40
37,103925,10,0,40
40,191196,14,0,40
39,154641,13,0,45
33,343925,9,0,40
33,314913,7,0,53
34,153942,11,0,40
42,51795,9,0,32
33,124187,12,0,32
57,21626,10,0,40
41,363591,11,0,40
41,213154,10,0,40
46,87250,13,0,40
35,220943,9,0,40
44,266135,13,0,50
21,306779,10,0,40
38,36989,13,3908,70
41,154668,10,0,40
33,182246,9,0,40
23,243190,10,0,20
18,212370,9,0,25
25,98756,10,0,50
35,149347,9,0,70
17,214787,8,0,25
34,301591,9,0,35
31,369825,4,0,25
22,367655,10,0,40
49,116163,13,0,50
49,431245,10,0,50
43,311914,10,0,40
39,326342,7,2635,37
36,67728,13,0,50
20,91733,10,0,8
51,217647,10,0,40
22,496856,10,0,40
55,176897,10,0,40
28,175325,9,0,40
28,250679,9,0,40
33,109996,12,0,40
63,96930,12,0,40
38,229180,13,0,40
35,166416,9,0,99
46,188161,9,0,40
31,399052,5,0,42
35,54595,8,0,40
19,307496,10,0,16
17,217342,6,0,5
31,218322,10,0,30
55,49996,7,0,40
20,293091,7,0,60
44,156687,9,0,42
23,217961,10,0,40
17,244856,7,0,40
60,69251,14,0,38
43,198316,13,0,50
24,113466,13,0,40
33,123253,13,0,55
48,121124,10,0,35
60,224644,6,0,40
36,36635,10,0,25
33,400943,14,0,50
29,151382,11,0,50
19,129586,10,0,40
35,241998,13,0,45
37,26698,10,0,44
22,141297,10,0,40
25,201413,10,0,40
44,234885,9,0,40
51,310774,15,0,50
66,298834,10,0,40
26,288959,9,0,36
56,238638,4,0,40
35,25803,9,0,40
42,339346,14,0,25
59,333270,14,0,35
65,78875,10,2290,40
27,142712,14,0,40
69,370837,13,0,40
42,149823,10,0,40
28,70100,13,0,60
68,186266,9,0,8
56,357118,13,0,60
40,101795,9,0,42
22,177107,11,0,35
27,47907,13,0,40
42,192381,9,0,40
27,180758,12,0,40
58,156040,12,0,40
48,119565,9,0,40
44,157249,13,0,50
36,112271,9,0,40
39,214896,9,0,40
28,218555,10,0,40
36,185607,9,0,30
31,188096,13,0,72
46,254367,9,0,48
47,235646,14,0,40
37,98941,14,0,40
49,125892,14,0,50
43,77370,9,0,40
58,158002,10,0,40
22,138504,10,0,30
40,170525,10,0,38
52,330799,5,0,40
37,295949,9,0,40
38,393945,11,0,36
17,333100,6,1055,30
46,336984,9,0,17
43,186144,9,0,40
24,103064,13,3674,40
26,352768,9,0,40
38,165799,10,0,12
39,216552,14,0,40
29,205249,14,0,40
28,606111,16,0,60
37,172232,9,0,30
54,230919,9,0,40
42,64632,9,0,50
52,284329,10,0,45
35,272338,11,0,40
49,423222,14,0,50
22,244773,9,0,15
45,240554,13,0,40
23,200089,10,0,40
28,283227,10,0,65
34,195136,13,0,40
74,43599,9,0,20
28,69621,12,0,60
25,120238,9,0,40
52,145155,9,0,40
33,100882,14,0,40
32,192965,9,0,45
46,36228,9,0,40
37,214542,10,0,40
17,118792,7,0,9
51,178054,10,0,40
43,128354,9,0,40
69,136218,7,0,40
23,216672,13,0,30
45,263982,10,0,40
35,144608,9,0,40
33,44392,9,0,20
36,222584,9,0,40
24,179423,9,0,40
50,187465,7,0,40
32,107793,9,2174,40
54,174655,9,0,40
53,246820,16,0,50
47,148724,9,0,40
49,126446,10,0,30
36,147548,9,0,85
19,258026,9,0,16
38,107302,10,0,60
22,416356,10,0,40
19,162954,8,0,20
37,163199,10,0,40
30,70617,14,0,10
38,257250,9,0,50
18,152246,10,0,16
49,200949,6,0,38
34,346034,13,0,40
33,256062,10,0,35
46,316205,13,0,40
42,184018,9,1151,50
44,110355,13,0,40
22,229456,9,0,38
34,318982,14,0,40
42,181265,11,0,48
60,51290,4,0,40
50,34067,11,0,50
19,138153,10,0,10
39,305597,9,0,40
35,228493,10,0,48
38,364958,9,3464,40
57,366563,10,0,40
34,331126,9,0,30
35,77820,10,0,60
49,298445,15,0,60
41,168294,9,5178,40
47,341995,10,0,55
25,73839,7,0,40
32,178835,9,0,40
19,393712,9,0,20
34,154227,10,0,75
44,222504,10,0,45
47,158924,9,0,40
24,403671,9,0,60
46,191389,9,0,28
41,211731,10,0,40
62,94931,11,3411,40
27,74883,13,0,40
45,325390,9,0,40
50,158284,10,0,40
32,157747,10,0,45
32,192039,11,0,40
32,191731,10,0,40
59,148626,6,0,40
25,111058,12,0,40
24,100345,13,0,20
28,98010,10,0,40
45,259463,11,0,40
19,182355,10,0,20
22,102684,10,0,32
53,302847,9,0,35
39,183092,16,0,40
47,190139,14,0,40
65,261334,5,0,40
44,187322,13,0,40
40,382499,9,0,50
24,175586,9,0,40
41,227065,10,0,40
48,377140,3,0,35
23,162228,9,0,40
70,155141,13,0,12
48,138370,14,0,50
28,369114,9,0,40
29,185127,9,0,50
27,167737,8,0,45
24,433330,9,0,40
19,172368,7,0,20
61,197311,14,0,40
35,195744,9,0,40
28,119793,10,0,40
26,177720,12,0,45
32,169186,9,0,5
47,29819,14,0,50
32,235109,13,0,40
36,114059,13,0,45
44,187164,9,0,60
29,35032,10,0,60
33,323069,11,0,40
26,153434,9,0,24
32,156464,9,0,50
25,358975,9,0,35
55,326297,9,0,25
56,91905,9,0,4
18,191117,7,0,25
32,126132,13,15024,50
44,216907,9,0,37
26,214069,9,0,40
38,165848,13,0,44
52,286342,9,0,38
55,264834,13,0,40
41,223548,2,0,40
53,276515,13,0,40
30,178841,13,0,40
36,745768,10,0,40
23,115326,10,0,20
51,332243,13,0,45
27,95647,13,0,40
32,110331,9,0,65
32,318647,13,0,48
38,179117,12,10520,50
21,185582,10,0,43
52,131631,7,0,40
21,174503,9,0,30
39,352248,12,0,40
30,487330,10,0,30
46,251474,13,0,60
45,32896,3,0,35
39,387430,9,0,18
61,30475,4,0,40
30,154587,9,0,40
36,188834,9,0,40
69,71489,14,0,25
25,192321,12,0,80
41,116493,9,13550,44
22,324922,9,0,50
70,94692,13,0,70
33,100135,9,0,25
31,153005,13,0,40
36,186110,10,0,40
57,236944,9,0,40
28,292536,10,0,50
50,36480,6,0,45
22,50058,10,0,35
48,170142,14,0,40
49,122066,10,0,25
49,558183,11,0,40
38,149018,9,0,40
34,252529,13,0,48
41,58930,13,0,40
43,176270,13,99999,60
39,114844,15,99999,65
41,113823,13,0,40
62,252668,14,0,70
49,233059,9,0,60
33,75167,9,0,55
51,240358,10,0,20
49,134797,10,0,40
20,56322,10,0,20
31,240441,14,0,40
50,150941,9,0,44
60,193235,12,0,24
25,217006,7,0,40
27,210765,11,0,40
20,147352,9,0,40
26,159662,6,0,40
48,160220,11,0,40
30,80933,9,0,40
49,62793,9,0,40
22,146540,7,0,50
37,201531,9,0,40
57,275943,4,0,40
30,123397,9,0,40
60,139586,11,0,40
49,265295,9,0,40
63,106551,9,0,40
48,125892,13,0,40
34,93169,10,0,40
41,160837,7,0,40
64,170421,10,0,8
51,205884,10,0,40
25,187540,10,0,40
38,498785,9,0,40
51,141645,10,0,40
44,183829,13,0,38
20,112137,10,0,20
75,248833,9,2653,14
31,182246,9,0,45
33,79303,9,0,45
31,189269,9,0,40
41,297186,9,0,40
37,48063,13,0,55
38,101978,10,0,55
22,31387,13,2885,25
34,252529,13,0,48
27,129528,10,0,40
42,226020,9,0,60
43,63503,13,0,40
62,337721,9,0,8
39,487486,9,0,40
46,366089,15,15024,40
22,218886,8,0,40
22,217421,10,0,30
20,125165,10,0,25
37,181705,11,0,40
70,143833,10,0,40
36,176634,13,0,35
34,100669,13,0,40
35,282979,9,5178,50
44,146659,14,0,35
39,192702,14,0,50
18,157273,6,0,15
51,138179,9,0,40
28,50512,13,2202,50
66,22313,7,0,20
45,236040,10,0,40
35,129597,10,0,46
24,275395,9,0,50
38,187411,9,0,40
28,207513,13,7298,42
45,51664,10,0,40
37,178100,14,0,40
36,261241,9,0,50
59,202682,9,0,40
25,216583,13,0,43
20,85041,10,0,20
45,220978,9,0,50
38,104094,10,0,40
23,335067,13,0,50
25,485496,9,0,40
35,144608,9,0,40
24,119704,9,0,40
38,607848,13,0,40
25,50053,13,0,45
54,118108,9,0,40
48,307440,13,0,45
31,356689,13,0,40
80,562336,9,0,20
30,129707,10,0,40
58,113806,13,7688,30
71,217971,5,0,13
28,249541,10,0,40
48,440706,4,0,40
30,161599,9,0,40
34,101266,13,0,62
37,126675,9,0,60
43,222971,3,0,40
59,193895,9,0,40
49,34545,10,0,40
41,115849,9,0,40
55,298449,13,0,50
18,104704,9,0,40
19,25429,8,0,20
30,234824,9,0,72
27,163942,9,0,35
46,233511,13,0,48
37,329980,14,0,60
44,192381,13,0,40
42,248476,10,0,65
56,170070,9,0,40
69,140176,9,0,24
66,107112,4,0,30
29,261375,9,0,60
32,44392,12,0,40
52,180062,10,0,60
20,149478,10,0,25
33,104525,9,0,40
52,162238,13,0,38
27,215504,13,0,55
31,373432,13,7298,55
30,162623,13,0,40
46,207946,14,0,43
43,35662,16,0,70
42,94600,9,5178,40
22,276494,9,0,40
37,127918,10,0,20
31,162160,9,0,47
36,233533,10,0,60
48,483261,10,0,40
40,233130,4,0,40
57,173832,13,0,40
51,194475,10,0,40
24,144898,10,0,40
41,340682,9,0,40
41,239683,6,0,30
40,212760,9,0,40
36,193855,9,0,40
57,176897,9,0,60
19,143867,10,0,40
53,355802,10,0,30
46,254367,9,0,48
39,194404,14,7688,40
46,138370,4,0,40
42,413297,10,0,40
42,92288,14,0,40
64,272531,9,0,40
42,220776,9,0,40
45,420986,13,0,40
56,174533,13,0,45
33,44392,9,0,20
25,256263,12,0,40
39,178815,9,0,55
45,54190,14,0,50
28,210945,12,0,35
47,211123,9,0,40
32,39223,6,0,40
30,443546,11,0,35
36,248708,12,0,40
35,348771,7,0,36
41,510072,13,0,40
49,149809,1,0,40
47,122307,13,0,40
35,194960,9,0,40
41,177905,14,0,45
43,183891,9,0,40
58,151910,9,0,40
45,88265,9,0,40
41,230168,10,0,91
30,29662,12,0,25
45,114032,15,0,60
32,107218,13,0,40
28,69621,12,0,60
19,91928,10,0,35
24,283872,10,0,20
49,223342,10,0,44
19,140242,10,0,20
36,123151,7,0,60
39,209867,10,13550,45
47,316101,9,0,40
44,104973,14,0,40
69,76968,5,0,25
23,520231,10,0,45
21,307315,10,0,40
18,32059,7,0,40
36,118909,12,0,40
39,230356,13,0,40
19,27382,10,0,40
37,42044,9,0,35
25,104097,14,0,40
21,238917,3,0,40
48,20296,9,0,37
60,120067,5,0,45
53,209022,7,0,37
23,195767,9,0,40
55,377061,13,0,40
23,343019,6,0,40
28,251905,15,0,40
53,288020,13,0,40
23,197207,13,0,40
50,148953,9,0,50
29,132874,9,0,40
46,109227,10,0,70
24,456460,12,0,40
20,353195,9,0,35
48,32825,9,0,40
43,289669,14,0,40
25,288519,13,0,40
41,182370,12,0,40
45,390368,10,15024,99
27,192936,13,0,40
54,391016,13,0,40
48,209460,9,0,40
17,179715,6,0,40
26,285004,13,0,35
48,177775,9,0,40
34,191291,10,0,40
26,373553,10,0,42
34,55717,9,0,50
48,26490,13,0,20
20,56322,10,2176,25
49,232664,13,0,40
33,198003,10,7298,50
52,110977,16,0,40
50,274528,10,0,40
45,145290,9,0,40
55,109015,10,0,38
39,128392,9,0,40
27,328981,9,0,40
30,541343,6,0,40
46,276934,13,0,70
31,121055,9,0,70
61,101500,11,0,40
49,139268,9,7298,40
36,185607,9,0,30
22,143062,9,0,40
32,49325,4,0,40
34,194740,10,0,40
44,210527,10,0,40
33,229716,9,0,38
55,294395,11,6849,40
46,35136,6,0,40
48,362883,9,0,60
34,102858,9,0,40
23,82393,5,0,20
49,181363,14,0,45
26,167350,9,0,30
55,276229,10,0,40
46,214955,12,0,40
38,412296,9,0,28
46,28334,9,0,40
28,469864,13,0,40
50,194231,14,0,40
49,281647,13,0,45
58,193568,7,0,40
40,33068,9,0,50
28,66434,6,0,15
47,76034,10,0,57
27,221366,10,3103,50
40,336707,11,0,60
42,257328,9,0,40
56,357118,14,0,40
40,244172,9,0,40
18,128538,10,0,6
40,138975,9,0,56
31,397467,9,0,40
54,57101,9,0,35
19,185619,10,0,20
34,221396,10,0,40
35,287658,12,0,30
19,63434,8,0,30
27,131310,9,0,40
55,135439,13,0,48
77,154205,9,0,10
40,239708,7,0,55
31,264936,10,0,40
20,212582,10,0,16
22,237498,9,0,40
36,132879,2,0,40
52,329733,10,0,40
53,99064,5,0,40
50,363405,13,0,50
29,154017,9,0,10
48,212954,10,0,60
27,322208,10,0,40
22,33087,9,0,45
18,80564,9,0,60
41,184846,10,0,40
35,200117,13,0,50
35,84787,13,0,40
22,113062,13,0,40
32,42900,15,15024,50
49,315998,13,0,50
57,29375,9,0,35
46,332355,10,0,40
47,21906,14,0,25
22,354351,10,0,40
46,202560,9,0,40
20,178517,10,0,40
28,96337,10,0,40
38,275338,13,1151,40
39,105813,9,0,40
45,118889,11,0,40
40,237293,15,15024,40
39,111499,12,0,20
36,210452,13,0,45
53,167170,9,0,40
60,55621,12,0,40
49,240841,4,0,35
41,263339,9,0,40
18,189041,9,0,40
28,187397,9,0,48
58,141807,3,0,40
40,166893,13,0,40
33,155343,10,0,72
24,193416,10,0,40
39,191841,12,0,30
49,118701,9,0,40
30,220939,11,0,40
31,231826,9,0,52
18,95917,9,0,25
42,145175,10,0,40
38,107909,13,0,40
42,318947,9,0,40
32,261059,10,0,50
52,198863,15,0,60
35,317153,9,0,40
30,168387,13,0,40
38,279315,9,0,40
38,342635,13,0,70
39,318918,13,0,40
27,157612,13,0,55
33,55291,14,0,40
17,293440,7,0,15
31,381153,10,0,60
23,42706,10,0,45
28,146949,9,0,40
19,517036,9,0,40
60,399387,4,0,15
63,106648,9,0,25
57,109638,10,0,45
42,191149,14,0,40
33,173005,13,0,45
36,176101,10,2174,60
57,365683,9,0,40
33,91811,9,0,40
27,172009,13,0,40
43,82488,13,0,40
31,125457,9,0,45
26,240842,9,0,40
36,210452,13,0,45
30,303867,9,0,44
36,288049,9,0,45
67,195066,9,0,50
20,200450,4,0,52
72,113044,9,0,30
25,120535,9,0,40
34,97355,10,0,60
32,328199,11,0,40
43,175669,10,0,40
58,169982,10,0,40
33,182423,9,0,40
59,107287,6,0,50
20,189203,12,0,20
56,250873,7,0,45
28,119793,9,0,60
36,66173,12,0,15
27,84977,9,0,40
18,40829,7,0,25
30,224377,9,0,40
35,220098,9,0,40
23,190709,12,0,52
28,247819,11,0,5
42,152676,9,0,40
48,278530,9,0,40
39,326342,7,2635,37
42,213019,14,0,40
24,195808,9,0,40
18,236272,9,0,35
31,340880,15,0,60
64,166715,10,0,20
44,404599,9,0,40
44,306440,9,0,40
45,135776,14,0,30
33,187560,11,0,36
56,131608,10,0,40
45,221780,10,0,30
21,255685,10,0,40
35,112264,9,0,50
55,238216,9,0,40
47,264244,9,0,40
21,197747,10,0,24
47,111994,9,0,34
42,236110,3,0,40
38,329980,9,0,40
48,265477,12,0,40
55,35723,14,0,60
40,137225,14,0,40
34,196164,9,0,35
36,133569,2,0,40
55,306164,9,0,40
53,479621,11,0,40
34,248584,9,0,55
22,340543,9,0,40
52,302847,7,0,40
42,236110,3,0,40
58,136951,13,0,40
60,232242,9,0,40
45,120131,10,0,40
26,266639,13,0,40
30,151989,11,0,40
52,378045,9,0,45
32,268147,11,0,60
61,248448,4,0,40
50,220019,14,0,40
31,344200,9,0,40
43,341358,11,0,40
18,217743,7,0,40
19,57067,9,0,45
25,27678,10,0,60
17,57723,7,0,30
45,20534,10,0,84
20,178517,10,0,40
36,269042,9,0,40
59,357943,13,0,40
33,101562,14,0,40
37,154210,10,0,40
38,22245,11,0,40
39,272166,13,0,30
31,120460,10,0,50
29,100405,6,0,40
44,101950,15,0,40
48,115971,9,0,50
39,120985,9,0,40
48,47686,7,0,40
18,260801,9,0,20
34,141118,14,0,60
31,153078,12,0,50
19,358631,9,0,25
36,187167,9,0,30
44,165108,14,0,40
36,36397,13,0,55
18,379768,9,0,40
29,36601,13,0,50
37,162424,9,0,45
35,167735,7,6849,40
22,615367,13,0,60
25,109390,9,0,70
26,106705,9,0,28
26,262617,9,0,48
40,170649,10,0,8
37,135436,13,0,60
31,220066,13,14344,50
47,175958,15,0,45
33,278514,9,0,42
39,122353,13,0,45
60,191446,9,99999,40
43,421837,10,7298,50
26,50103,10,0,40
19,244115,9,0,30
37,204277,9,0,48
33,709798,13,0,60
33,96480,14,0,40
23,107882,13,0,40
45,311671,11,3908,40
27,212041,9,0,50
37,127772,13,0,40
37,191364,12,0,40
42,101593,13,0,42
41,318046,10,0,48
78,33186,4,0,60
29,264961,9,0,45
45,364563,9,0,40
33,236396,13,0,55
31,259425,9,0,40
51,78631,10,0,60
55,146477,10,0,45
42,85995,9,0,50
43,184846,9,0,60
60,297261,10,0,15
23,190483,13,0,20
60,202473,11,0,40
39,363630,9,7688,52
20,173851,10,0,40
66,222810,10,7896,40
27,29174,13,0,40
54,327769,10,0,40
23,238087,10,0,30
21,207923,10,0,15
32,388672,10,0,16
24,138504,9,0,37
35,241998,13,0,45
36,74791,13,0,60
33,100154,6,0,40
54,175083,9,0,20
66,263637,6,0,40
36,531055,9,0,48
20,124751,10,0,24
27,137063,13,0,50
40,153372,10,0,50
50,196975,9,0,40
44,102238,9,0,40
30,212237,13,0,45
39,155961,9,0,38
36,95654,13,0,50
53,199720,16,15024,60
60,121319,4,3137,40
54,257765,4,0,40
40,290660,12,8614,50
42,242564,4,0,40
50,24013,10,0,84
42,101709,11,2885,40
61,51385,13,0,50
67,126849,6,0,20
33,80058,9,0,40
33,194901,11,0,42
42,378384,15,0,60
75,164849,5,1409,5
24,117109,13,0,27
19,278870,10,0,16
32,279231,11,0,40
17,266072,6,0,20
34,349148,10,0,40
33,123157,9,0,38
45,304973,9,0,78
53,105478,13,0,40
54,125417,4,0,40
75,165968,11,0,30
23,80680,10,0,16
75,260543,6,0,1
19,249787,9,0,40
30,127651,9,0,48
44,155930,14,7688,55
27,197380,12,0,40
23,120910,9,0,35
27,295799,10,0,40
40,75363,10,0,40
57,208311,13,0,80
21,143995,10,0,20
29,261375,9,0,60
34,236318,9,0,40
59,98350,9,0,40
25,44861,9,0,40
35,107991,7,0,45
63,404547,9,0,30
90,282095,10,0,40
46,149640,4,0,45
31,199883,8,0,40
42,59474,9,0,40
18,198614,7,0,8
36,172538,9,0,52
59,303176,10,0,40
36,376455,11,0,38
60,123992,10,0,45
26,158734,14,0,30
51,196501,13,14084,50
23,268145,13,0,45
39,163204,9,0,40
20,214387,9,0,40
23,320294,9,0,40
22,500720,9,0,40
32,42900,15,15024,50
30,241583,10,0,40
19,53220,9,0,40
50,158294,15,99999,80
33,188246,13,0,65
36,201117,13,0,50
63,80572,13,0,40
52,113094,13,0,40
36,280169,10,3456,8
35,335704,12,0,60
22,110946,10,0,40
47,427055,10,0,45
47,268022,9,0,55
35,215323,11,0,35
46,209057,14,0,50
24,47791,9,0,32
37,205339,9,0,49
42,236110,3,0,40
37,243409,9,0,50
22,246386,9,0,40
23,197387,9,0,37
51,20795,10,0,40
24,194604,13,0,15
25,263773,10,0,40
28,72443,10,0,60
26,245628,7,0,20
78,105586,3,0,36
35,180988,10,0,39
56,110238,13,0,40
64,113929,9,0,35
56,102106,9,0,40
38,130813,9,0,40
23,162551,13,0,20
36,111128,9,0,40
19,243373,8,1055,40
25,60485,10,0,30
22,174626,4,0,40
47,341762,9,0,40
53,276868,14,0,40
48,194772,12,0,40
46,206889,13,0,25
46,169324,9,0,45
33,153151,9,4416,40
19,106306,10,0,40
36,282602,11,0,40
53,121441,10,0,55
19,218471,9,0,30
30,267161,10,0,45
24,123160,14,0,10
51,202752,9,0,40
25,131178,9,0,23
40,168071,11,3325,40
36,288049,9,0,45
50,339954,11,0,40
77,154205,9,0,10
32,286101,9,0,37
35,172186,10,0,40
24,99970,13,0,40
18,344742,6,0,40
53,123429,10,0,60
55,120920,14,0,35
62,198686,9,0,40
38,312528,13,0,37
22,136873,10,0,40
33,361497,9,0,70
26,151626,9,0,40
32,173351,9,0,48
54,329266,9,0,44
55,256335,13,0,40
46,181413,12,0,40
32,242150,9,0,38
48,325372,2,0,40
43,69758,12,0,40
48,218835,14,0,50
56,24127,11,0,54
17,33138,8,0,40
69,179813,6,0,10
36,136028,5,0,30
56,199713,5,0,40
46,585361,5,0,40
20,182200,9,0,30
40,174373,13,0,50
25,203570,9,0,40
44,84535,10,0,48
32,256362,9,0,40
35,188888,13,0,40
56,159770,9,0,40
20,157332,10,0,25
26,98155,9,0,40
29,145011,10,0,40
77,71676,10,0,1
21,145651,10,0,12
75,165968,11,0,30
23,115326,10,0,20
21,56582,10,0,10
58,193434,9,0,20
52,90189,4,0,16
36,192443,10,13550,40
19,109005,10,0,40
25,231638,9,0,40
53,29557,10,0,40
33,202642,13,0,40
48,272778,10,0,32
41,253770,10,7298,40
37,348960,13,0,36
44,162028,10,0,6
18,317425,7,0,7
42,210525,14,0,40
34,230246,13,0,42
33,191385,13,0,40
23,434894,9,0,40
21,89154,7,0,42
40,160369,14,0,45
40,45054,10,0,40
57,327901,6,0,40
40,76625,9,0,40
41,222142,9,0,40
18,80616,6,0,27
33,263561,10,0,60
30,164190,15,0,40
26,205036,9,0,42
42,141459,9,0,40
42,328581,14,0,55
45,236040,10,0,40
22,148187,7,0,40
29,124953,13,0,50
30,93884,13,0,45
49,213354,14,0,70
30,432565,11,0,40
19,272800,8,0,25
71,200418,3,0,40
44,177240,15,10520,40
34,188736,9,0,20
23,278155,13,0,40
39,111129,9,0,40
26,485117,12,0,40
57,175942,10,0,50
32,70985,9,4064,40
34,234960,13,0,48
43,116632,10,0,45
71,238479,6,0,8
30,27153,9,0,50
50,27484,9,0,50
29,197565,11,0,35
31,49325,9,0,40
40,87771,9,0,45
43,242804,9,0,40
23,227943,12,0,30
36,137527,13,0,50
50,152810,10,0,70
51,337195,10,0,50
37,185567,9,0,40
27,202239,9,0,40
18,120544,5,0,15
21,123727,10,0,28
41,227065,10,0,40
41,424478,10,0,45
44,129100,7,0,60
52,95704,5,0,40
43,96483,9,0,40
19,96483,9,0,40
25,169124,13,0,40
56,238638,4,0,40
42,160369,9,0,40
21,149704,9,1055,40
35,148903,9,0,16
33,202051,14,0,50
33,40681,10,3674,16
56,222182,9,0,45
28,124680,13,6849,60
34,111567,9,0,40
19,258026,9,0,16
35,340110,13,0,70
39,186191,14,0,50
24,69640,10,0,40
25,124590,9,0,40
19,141418,10,0,15
38,115634,10,0,40
23,114357,10,0,40
37,219546,11,4386,44
35,257250,9,0,40
56,392160,9,0,25
40,321758,9,0,40
46,163352,9,0,36
43,220589,9,0,40
19,177945,10,0,25
25,339956,10,0,40
39,269455,9,0,45
48,120724,8,0,50
29,204984,9,0,50
40,179580,9,0,40
32,53042,9,0,40
88,187097,15,0,40
49,276247,10,0,40
53,127671,4,0,40
40,306225,9,0,40
25,247006,12,0,45
38,186325,10,0,38
21,143062,9,0,40
35,54317,9,0,50
57,192869,9,0,72
44,125461,13,0,40
33,126950,9,0,60
31,91666,9,0,50
31,416415,9,0,45
37,80638,13,0,30
50,95469,9,7298,45
51,338620,14,15024,60
39,165106,13,0,50
27,142621,13,4101,40
37,34378,2,0,40
32,252257,12,0,45
36,131459,4,0,40
51,102904,9,0,43
53,188644,3,0,40
38,239755,7,0,40
29,96718,9,0,37
50,72351,13,0,45
54,377701,9,0,32
54,286342,14,0,32
55,67433,9,0,60
19,43887,9,0,10
45,169092,9,0,55
28,175431,5,0,40
33,202051,14,0,50
31,84154,10,0,38
65,225580,9,0,20
58,110517,16,4064,40
30,173350,11,0,40
56,435022,10,0,50
31,112062,13,0,40
46,58683,13,15024,55
52,84451,11,0,32
24,174907,9,0,30
34,204991,10,0,44
30,113364,13,0,18
42,247695,9,0,45
50,154728,10,0,40
38,186325,10,0,38
52,129177,9,0,40
35,139086,9,0,40
26,108542,9,0,35
39,315291,9,0,40
36,162302,10,0,35
21,221661,9,0,35
38,103456,13,0,40
53,192982,14,0,38
35,318891,12,0,40
31,77634,11,0,42
42,90693,13,0,70
45,341762,14,0,65
22,315974,10,0,40
32,255885,13,0,43
53,139127,9,0,40
19,117444,9,0,40
44,133060,10,0,60
20,400443,9,0,20
63,126540,10,0,5
36,246449,10,0,60
29,160512,9,0,40
53,302868,13,0,50
67,160456,7,0,40
26,150553,13,0,50
22,113062,13,0,40
33,168387,7,0,40
28,42881,6,0,40
47,172034,9,0,75
18,279288,6,0,30
37,78928,5,3137,40
24,223367,7,0,40
36,228157,10,0,40
48,336540,9,0,40
38,270985,10,0,50
57,195835,10,0,40
34,532379,10,0,40
43,178866,9,0,25
25,211497,10,0,40
72,177769,6,0,15
39,198097,13,0,50
49,31478,4,0,99
36,182074,9,0,40
34,167832,6,0,40
34,31391,9,0,53
29,33315,12,0,40
38,239045,16,0,50
30,209317,9,0,50
28,472580,10,0,40
25,226891,11,0,40
23,197918,10,0,40
39,366757,9,0,35
44,197558,15,0,70
31,259120,10,0,10
42,152568,9,0,40
23,50953,10,0,40
19,128363,10,0,30
31,243165,13,0,40
37,204501,13,0,20
37,187748,10,0,40
59,135647,7,0,60
36,143486,9,7298,50
20,745817,10,0,15
29,173652,10,0,40
28,253814,9,0,35
50,212685,9,0,40
30,393965,12,0,25
38,304651,9,0,45
29,107458,13,0,50
38,175732,9,0,15
30,275232,12,0,36
51,56915,9,0,40
21,494638,12,0,15
30,58798,4,0,44
37,128054,10,0,40
20,122346,9,0,40
62,181063,6,0,30
39,99270,9,0,40
55,126117,9,0,40
51,673764,11,0,50
46,145290,10,0,40
41,172828,5,0,55
28,112403,9,2354,40
44,215304,13,0,45
32,168443,14,0,40
36,98037,11,0,40
39,297449,13,0,40
24,270517,9,0,40
40,146659,9,0,60
51,120914,6,0,40
19,475028,9,0,20
35,25803,9,0,40
27,191177,10,0,40
62,273454,4,0,40
36,274809,9,0,50
32,227160,10,0,40
30,45796,10,0,40
38,289430,9,0,56
22,123727,10,0,21
27,207948,10,0,40
20,381357,5,0,28
70,336007,3,0,20
28,388112,2,0,77
21,142766,10,0,10
39,86551,9,0,40
42,108506,9,0,60
69,76968,5,0,25
24,289909,10,0,40
18,163787,10,0,15
34,81223,9,0,48
25,135568,9,0,40
20,197752,10,0,40
28,188928,9,0,40
30,30290,9,0,40
43,214541,9,0,35
30,203488,10,0,40
48,377757,6,0,70
23,315065,10,0,35
18,120691,10,0,35
41,117721,10,0,65
32,504951,12,0,50
21,99199,10,0,10
40,73025,9,0,30
24,122348,13,0,40
19,57067,9,0,45
22,349368,9,0,40
36,89040,7,0,47
52,104280,10,0,50
40,174283,16,0,50
42,184837,9,7298,40
31,357145,16,0,48
31,45781,14,14084,50
37,123211,9,0,44
46,155933,13,0,8
18,92008,9,0,28
34,224358,6,0,40
33,147654,11,0,60
31,323069,12,0,45
21,256240,7,0,40
58,141165,9,0,50
23,83891,9,0,40
27,240172,13,0,40
27,553473,13,0,48
22,160120,6,0,30
50,162327,10,0,50
36,295127,9,0,84
32,248584,9,0,40
23,134997,9,0,80
46,604380,9,0,40
57,62020,15,0,55
18,155021,7,0,6
47,27815,5,0,30
39,139703,9,0,28
30,196342,14,0,40
52,167651,11,0,40
23,434467,10,0,42
36,111128,13,0,48
35,56201,10,0,40
36,437890,9,0,90
45,183710,5,0,40
24,275884,9,0,40
27,225142,10,0,40
51,98791,10,0,40
43,342567,13,0,40
30,196385,10,0,45
47,105381,9,0,40
40,236021,10,0,40
38,222450,10,0,40
18,577521,7,0,13
38,201328,13,0,50
31,176998,10,0,35
29,185647,10,0,60
55,95149,10,0,99
27,89718,10,0,40
47,21906,14,0,25
74,260669,6,0,1
23,91189,13,0,20
31,103435,13,0,50
27,247711,9,0,40
43,187778,9,0,20
40,202565,12,0,52
40,266803,12,0,40
65,325537,11,0,50
19,140242,10,0,20
24,205844,13,0,65
23,664670,9,0,40
21,80680,9,0,40
61,268797,9,0,17
59,453067,10,0,36
23,216811,9,0,16
45,109434,13,0,55
17,394176,6,0,20
31,259425,9,0,40
47,233511,14,27828,60
75,98116,10,0,40
66,151227,13,0,40
46,154405,9,0,40
24,194748,9,0,49
42,161510,13,7298,40
44,160323,9,0,40
31,112115,10,0,40
29,197618,9,0,40
45,82797,13,0,45
39,548510,13,0,30
18,375515,7,0,20
33,264936,9,0,40
38,284166,15,0,50
59,159937,9,0,48
64,143716,14,0,2
39,89508,13,0,40
50,93705,10,0,40
23,190273,13,0,40
45,374450,9,5178,40
59,426001,9,0,20
39,356838,9,0,12
25,32276,13,0,40
21,417668,10,0,20
18,169745,4,0,40
29,128777,4,0,55
33,178587,10,0,37
29,202878,9,0,50
31,90668,6,0,40
53,126386,9,0,40
46,191389,9,0,28
26,212748,9,0,40
26,176967,7,0,65
50,344621,9,0,40
34,289731,7,0,40
23,186813,9,0,40
27,660870,13,0,60
46,241844,5,0,40
22,154235,10,3781,35
17,41979,6,0,40
25,27411,13,0,40
57,103948,13,0,80
47,267205,11,0,60
42,139126,9,0,40
22,68678,9,0,40
31,203488,13,0,50
30,61272,5,0,40
40,165309,4,0,8
29,201556,13,0,50
45,118081,10,3103,42
59,283005,7,0,40
61,111563,13,0,20
29,126060,9,0,40
50,266945,9,3137,40
23,156807,5,0,36
28,115549,10,0,60
31,176711,9,0,38
18,400616,10,0,40
46,207677,13,0,40
39,65738,10,0,15
35,217274,10,0,50
27,120155,9,0,39
58,220789,13,0,45
28,205562,14,0,40
46,59767,10,0,50
35,111128,6,0,40
30,72630,13,0,50
57,184553,9,0,50
20,104981,9,0,40
21,136873,10,0,10
30,105908,9,0,40
33,168782,11,0,40
29,172865,9,0,50
27,198286,10,0,34
56,156842,10,0,40
36,211022,11,0,40
44,174373,12,0,40
41,174395,16,15024,55
33,194901,13,0,40
23,156513,9,0,40
17,191260,5,1055,24
66,140849,9,0,25
26,275703,10,0,40
41,167725,10,0,40
35,241153,11,0,40
63,166425,10,0,24
42,139126,9,0,40
40,226388,9,0,40
51,175246,9,0,50
36,107916,9,0,40
34,180871,13,0,55
48,449354,9,4386,45
44,112262,13,5178,40
65,131417,3,1797,21
69,145656,10,0,24
23,227594,13,0,38
51,99185,12,0,40
33,365908,9,2105,40
24,310380,10,0,45
24,151443,9,0,30
80,26865,4,0,20
21,202373,10,0,25
33,202153,14,0,40
42,174216,15,0,38
61,110920,6,0,40
28,160786,9,0,40
36,578377,14,0,40
27,262478,9,0,30
20,122649,9,0,30
39,183898,12,7688,60
47,102771,4,0,40
50,209464,9,0,35
25,120238,9,0,40
17,262196,6,0,8
26,225279,10,0,40
27,167737,10,0,48
72,74141,5,0,48
20,34321,10,0,30
33,110998,9,0,36
32,255885,13,0,43
65,180280,10,0,40
38,183585,9,0,40
73,123160,6,0,10
49,296849,10,0,40
39,1455440,12,0,40
57,145189,10,0,40
34,69251,9,0,40
18,401051,6,0,35
46,226871,13,0,50
41,136419,12,0,75
51,168539,12,0,40
23,228243,10,0,44
58,165315,9,0,35
34,33117,10,0,40
38,167440,13,4508,40
37,291518,13,15024,55
24,127647,10,0,35
17,136363,6,0,20
38,187411,9,0,40
25,189590,13,0,40
25,171236,9,0,40
23,420973,13,0,40
67,152102,9,0,65
58,183810,9,0,24
20,162688,9,0,38
46,169324,9,0,45
30,111415,13,0,45
35,101709,9,0,60
21,155818,9,0,20
34,252529,13,0,48
27,60288,14,0,40
50,104501,9,0,40
58,106546,9,2174,40
28,200775,14,0,40
42,111949,9,0,35
30,110643,14,4386,40
63,179444,4,0,15
53,68985,9,0,40
31,189265,9,0,40
70,77219,9,0,37
35,73715,7,0,40
44,216907,12,0,40
28,182826,9,0,35
32,121634,6,0,40
48,194772,12,0,40
36,127573,9,0,38
39,157443,14,3464,40
46,157991,11,0,40
54,135840,10,0,50
35,184655,9,0,62
26,108542,9,0,35
23,176262,11,0,36
23,64292,9,0,40
49,180532,14,0,40
61,260167,9,0,40
36,305352,6,0,40
23,229826,9,0,40
44,68729,13,0,40
28,360527,10,0,45
51,177487,9,0,40
21,188923,10,0,55
58,111394,13,0,40
38,207202,9,0,48
36,111387,6,0,40
41,196001,9,0,20
19,182609,9,0,25
19,265576,9,0,50
52,225317,3,0,40
43,218309,13,0,50
39,198841,14,7688,45
44,188331,10,0,42
67,163726,3,0,49
29,231287,10,0,40
27,37754,10,0,80
37,272950,9,0,40
20,211293,10,0,14
38,123833,10,0,40
37,342084,10,0,60
33,351810,13,0,45
55,182460,9,15024,35
34,55717,9,0,50
49,72393,5,0,40
21,206354,9,0,35
22,374116,9,0,35
51,388496,10,0,8
32,113504,13,0,40
43,227065,9,4650,40
28,167062,10,0,40
29,440647,10,0,40
22,34616,10,0,20
30,290677,14,0,20
47,171968,13,0,60
46,39363,10,0,10
35,114366,13,0,40
74,192290,6,0,20
36,280169,14,0,50
48,162236,14,0,40
31,184307,10,0,40
60,296485,3,0,40
56,206399,9,0,40
29,57889,13,0,45
40,55508,4,0,40
51,172281,13,0,35
26,172230,9,0,40
22,95566,10,0,22
19,304469,6,0,25
37,83880,10,0,40
33,194901,13,0,40
54,32778,9,0,40
41,215479,10,0,43
27,120126,10,0,40
53,197492,9,0,40
43,187861,9,0,44
43,134026,10,2174,40
43,50197,6,0,40
21,204226,10,0,35
37,265737,10,0,60
63,113324,10,0,40
39,338320,6,0,60
44,445382,10,0,40
20,204641,9,0,20
28,189346,9,0,40
53,284329,14,0,50
36,123983,13,0,55
25,141706,10,0,40
55,170994,9,0,40
35,241306,9,0,45
41,222596,13,15024,45
28,56340,14,0,40
33,331615,16,0,40
44,187720,9,0,41
45,168038,13,0,60
57,98926,10,0,16
63,201631,5,0,40
27,194024,5,0,50
43,350387,9,0,60
56,70720,8,0,40
41,219155,15,0,50
35,167735,7,6849,40
36,133299,11,0,40
27,150958,3,0,48
36,241962,13,0,40
47,162187,10,0,40
48,193553,9,0,20
18,126021,9,0,20
27,133937,10,0,45
58,175017,13,0,25
50,237868,14,0,50
63,795830,2,0,30
30,340917,9,0,40
47,114459,14,7688,45
30,254905,9,0,40
58,114362,10,0,30
50,92969,2,0,40
37,421633,14,0,40
54,118365,6,0,10
58,265086,13,0,50
28,154863,5,0,40
46,102076,9,0,25
28,130856,13,0,40
39,207568,9,0,48
63,267101,13,0,60
21,377931,10,0,48
32,372317,5,0,23
57,121111,9,0,40
24,282604,10,0,24
25,161007,9,0,40
20,379525,10,0,10
22,102632,10,0,45
59,148526,10,0,40
19,93604,4,0,32
44,155930,13,0,60
28,30237,10,0,40
22,125010,11,0,30
24,461678,10,0,50
44,43711,13,0,48
44,321824,9,0,38
41,176452,9,0,40
28,334368,11,4650,40
26,48718,6,2907,40
35,152375,9,0,45
56,233312,14,0,50
66,298834,11,0,50
21,63665,10,0,15
28,76129,9,0,40
17,232900,7,0,25
19,292590,9,0,25
38,179117,12,10520,50
32,218407,10,0,70
22,122272,13,0,35
24,59146,9,0,48
17,122041,7,0,20
60,101198,11,0,20
38,107303,9,0,40
50,378747,9,0,40
38,212245,10,0,40
23,302195,13,0,40
28,253814,9,0,35
40,135056,12,0,40
23,336010,13,0,32
34,164309,7,0,8
26,299810,9,0,50
55,256526,9,4865,45
73,161251,9,0,24
43,36924,14,0,40
21,129350,10,0,40
28,165030,10,0,50
56,235826,9,5013,40
23,147548,9,0,30
20,34590,10,0,60
54,449257,9,0,40
63,237620,9,0,30
53,123429,10,0,60
20,353195,9,0,35
56,70720,8,0,40
57,184553,9,0,50
62,39630,9,0,40
24,196332,9,0,40
44,169980,7,0,60
60,56248,10,0,40
45,271962,13,0,40
50,200783,4,0,60
52,110954,9,0,45
52,284329,10,0,45
26,126327,12,0,40
18,174732,9,0,36
36,61778,9,15024,40
51,136121,11,0,38
51,24790,10,0,99
63,68872,9,0,20
36,167482,13,0,40
58,329793,13,0,45
74,260669,6,0,1
58,21626,11,2202,56
41,220460,9,0,40
62,113080,4,0,40
31,180551,9,0,40
43,108945,10,0,38
53,470368,12,0,48
54,511668,16,0,43
27,242207,13,0,40
32,186993,9,0,40
40,187164,9,0,45
21,221157,9,0,30
67,195161,14,20051,60
35,174308,10,0,40
38,65324,15,0,40
40,32627,14,0,60
69,145656,10,0,24
34,105493,14,0,40
40,141583,10,0,35
31,208657,10,0,40
41,287037,9,0,40
24,51973,13,0,20
62,203126,5,0,40
44,155472,12,1151,50
46,265105,13,0,50
46,57452,11,0,40
58,196403,9,0,10
20,230113,10,0,50
33,119628,16,0,50
26,143068,10,2407,50
36,150371,9,0,40
47,211123,9,0,40
49,31267,13,0,50
62,226733,9,0,40
49,189462,9,0,40
25,126133,10,0,40
21,148294,9,0,20
51,128272,5,0,45
23,104443,10,0,40
42,178780,14,0,50
47,337050,10,0,40
47,337050,10,0,40
55,296085,12,0,40
49,169180,4,0,40
25,278404,13,0,40
53,194259,10,4386,40
41,575442,10,0,40
36,189674,10,0,40
28,147560,10,0,55
47,196707,15,0,40
30,124420,9,4650,40
33,80145,9,0,60
36,89718,9,0,40
22,199336,10,0,25
60,317083,13,0,45
